TAP 1185 1 3 0
TAP 1380 10 12 0
TAP 1769 4 6 0
HOLD 1769 4 6 2159
TAP 1769 7 9 0
TAP 2159 1 3 0
TAP 2354 10 12 0
TAP 2548 4 6 0
TAP 2743 1 3 0
TAP 2743 10 12 0
TAP 2938 7 9 0
TAP 3133 4 6 0
TAP 3328 10 12 0
TAP 3522 1 3 0
HOLD 3522 1 3 3912
TAP 3522 7 9 0
TAP 4107 4 6 0
TAP 4107 10 12 0
HOLD 4107 10 12 4496
TAP 4886 4 6 0
HOLD 4886 4 6 5276
TAP 4886 7 9 0
TAP 5276 10 12 0
TAP 5470 7 9 0
TAP 5665 1 3 0
TAP 5860 4 6 0
TAP 5860 10 12 0
TAP 6055 7 9 0
TAP 6250 1 3 0
TAP 6444 10 12 0
TAP 6639 1 3 0
HOLD 6639 1 3 7029
TAP 6639 7 9 0
TAP 7224 4 6 0
TAP 7224 10 12 0
HOLD 7224 10 12 7613
TAP 8198 1 3 0
TAP 8198 10 12 0
TAP 8587 4 6 0
TAP 8782 1 3 0
TAP 8782 10 12 0
TAP 9172 10 12 0
TAP 9172 4 6 0
TAP 9367 7 9 0
TAP 9561 1 3 0
TAP 9561 10 12 0
TAP 9951 4 6 0
TAP 10146 7 9 0
TAP 10341 1 3 0
TAP 10438 4 6 0
TAP 10535 7 9 0
TAP 10535 10 12 0
TAP 10828 7 9 0
TAP 10828 1 3 0
TAP 11120 4 6 0
TAP 11120 10 12 0
TAP 11315 1 3 0
TAP 11315 7 9 0
HOLD 11315 7 9 11899
TAP 11509 4 6 0
TAP 11704 10 12 0
TAP 11899 1 3 0
TAP 11899 4 6 0
HOLD 11899 4 6 12483
TAP 12289 10 12 0
TAP 12483 7 9 0
TAP 12678 1 3 0
TAP 12678 10 12 0
TAP 13068 1 3 0
TAP 13068 4 6 0
TAP 13263 7 9 0
TAP 13263 10 12 0
TAP 13457 1 3 0
TAP 13457 4 6 0
TAP 13652 1 3 0
TAP 13652 10 12 0
TAP 13847 4 6 0
TAP 14042 1 3 0
TAP 14042 7 9 0
TAP 14237 10 12 0
TAP 14334 7 9 0
TAP 14431 1 3 0
TAP 14431 4 6 0
TAP 14626 7 9 0
TAP 14821 4 6 0
TAP 14821 10 12 0
TAP 15016 1 3 0
TAP 15211 7 9 0
TAP 15406 10 12 0
TAP 15600 1 3 0
TAP 15600 4 6 0
TAP 15795 7 9 0
TAP 15990 10 12 0
TAP 16185 4 6 0
TAP 16380 7 9 0
TAP 16380 10 12 0
TAP 16574 4 6 0
TAP 16769 1 3 0
TAP 16964 7 9 0
TAP 16964 10 12 0
TAP 17159 1 3 0
TAP 17159 4 6 0
TAP 17548 7 9 0
TAP 17743 4 6 0
TAP 17938 1 3 0
TAP 17938 7 9 0
TAP 18133 4 6 0
TAP 18328 10 12 0
TAP 18522 7 9 0
TAP 18717 1 3 0
TAP 18717 4 6 0
TAP 18912 7 9 0
TAP 18912 10 12 0
TAP 19302 7 9 0
TAP 19302 1 3 0
HOLD 19302 1 3 19691
TAP 19691 7 9 0
TAP 19691 10 12 0
TAP 19886 1 3 0
TAP 19886 4 6 0
TAP 20081 10 12 0
TAP 20178 7 9 0
TAP 20276 4 6 0
TAP 20665 1 3 0
TAP 20665 7 9 0
TAP 20860 4 6 0
TAP 21055 7 9 0
TAP 21055 10 12 0
TAP 21250 1 3 0
TAP 21444 10 12 0
TAP 21639 4 6 0
TAP 21834 1 3 0
TAP 21834 7 9 0
TAP 22029 4 6 0
TAP 22224 10 12 0
TAP 22418 7 9 0
TAP 22613 1 3 0
TAP 22613 4 6 0
TAP 22808 10 12 0
TAP 23003 4 6 0
TAP 23198 7 9 0
TAP 23198 10 12 0
TAP 23393 1 3 0
TAP 23393 4 6 0
TAP 23782 7 9 0
TAP 23782 10 12 0
TAP 23977 4 6 0
TAP 24172 1 3 0
TAP 24172 7 9 0
TAP 24367 10 12 0
TAP 24561 1 3 0
TAP 24561 4 6 0
TAP 24756 7 9 0
TAP 24756 10 12 0
TAP 24951 1 3 0
TAP 24951 7 9 0
TAP 25146 4 6 0
TAP 25146 10 12 0
TAP 25535 4 6 0
TAP 25535 10 12 0
HOLD 25535 10 12 25925
TAP 25925 1 3 0
TAP 25925 4 6 0
TAP 26120 7 9 0
TAP 26120 10 12 0
TAP 26315 1 3 0
HOLD 26315 1 3 26509
TAP 26509 4 6 0
TAP 26704 10 12 0
TAP 26802 7 9 0
TAP 26899 1 3 0
TAP 26899 4 6 0
TAP 27094 10 12 0
TAP 27289 4 6 0
TAP 27289 7 9 0
TAP 27483 1 3 0
TAP 27678 7 9 0
TAP 27678 10 12 0
TAP 27873 4 6 0
TAP 28068 1 3 0
TAP 28068 7 9 0
TAP 28263 10 12 0
HOLD 28263 10 12 28652
TAP 28652 4 6 0
TAP 28847 1 3 0
TAP 28847 7 9 0
TAP 29042 10 12 0
TAP 29237 4 6 0
TAP 29431 7 9 0
TAP 29626 1 3 0
TAP 29626 4 6 0
TAP 30016 7 9 0
TAP 30211 4 6 0
TAP 30406 1 3 0
TAP 30406 10 12 0
TAP 30600 4 6 0
TAP 30795 10 12 0
TAP 30990 7 9 0
TAP 31185 1 3 0
TAP 31185 10 12 0
TAP 31380 4 6 0
TAP 31574 10 12 0
TAP 31769 7 9 0
TAP 31964 1 3 0
TAP 31964 4 6 0
TAP 32159 10 12 0
TAP 32354 4 6 0
TAP 32548 7 9 0
TAP 32743 1 3 0
HOLD 32743 1 3 33133
TAP 32743 10 12 0
TAP 33133 4 6 0
TAP 33133 7 9 0
TAP 33328 10 12 0
TAP 33522 7 9 0
TAP 33522 1 3 0
TAP 33717 4 6 0
TAP 33912 7 9 0
TAP 33912 10 12 0
TAP 34107 4 6 0
TAP 34302 1 3 0
TAP 34302 7 9 0
TAP 34496 10 12 0
HOLD 34496 10 12 34886
TAP 34886 1 3 0
TAP 35081 4 6 0
TAP 35081 7 9 0
TAP 35276 10 12 0
TAP 35470 1 3 0
TAP 35665 4 6 0
TAP 35860 7 9 0
TAP 35860 10 12 0
TAP 36250 4 6 0
TAP 36444 7 9 0
TAP 36639 1 3 0
TAP 36639 10 12 0
TAP 36834 7 9 0
TAP 37029 1 3 0
TAP 37224 4 6 0
TAP 37418 7 9 0
TAP 37418 10 12 0
TAP 37613 1 3 0
TAP 37613 4 6 0
TAP 38003 1 3 0
TAP 38003 4 6 0
TAP 38393 7 9 0
TAP 38393 10 12 0
TAP 38587 1 3 0
TAP 38587 4 6 0
TAP 38782 10 12 0
TAP 38977 7 9 0
TAP 39172 1 3 0
TAP 39269 4 6 0
TAP 39367 7 9 0
TAP 39367 10 12 0
TAP 39561 4 6 0
TAP 39756 1 3 0
TAP 39756 7 9 0
TAP 39951 10 12 0
TAP 40146 4 6 0
HOLD 40146 4 6 40535
TAP 40535 7 9 0
TAP 40535 10 12 0
TAP 40730 1 3 0
TAP 40925 10 12 0
TAP 41120 7 9 0
TAP 41315 1 3 0
TAP 41315 4 6 0
HOLD 41315 4 6 41704
TAP 41704 7 9 0
TAP 41899 1 3 0
TAP 42094 7 9 0
TAP 42094 10 12 0
TAP 42289 1 3 0
HOLD 42289 1 3 42678
TAP 42678 10 12 0
TAP 42873 1 3 0
TAP 42873 4 6 0
TAP 43068 7 9 0
TAP 43263 1 3 0
TAP 43457 10 12 0
TAP 43652 4 6 0
TAP 43652 7 9 0
TAP 43847 1 3 0
TAP 44237 4 6 0
TAP 44431 1 3 0
TAP 44431 10 12 0
TAP 44626 7 9 0
TAP 44821 1 3 0
TAP 45016 4 6 0
TAP 45211 7 9 0
TAP 45211 10 12 0
TAP 45406 4 6 0
TAP 45600 1 3 0
HOLD 45600 1 3 45990
TAP 45600 7 9 0
TAP 45990 4 6 0
HOLD 45990 4 6 46380
TAP 45990 10 12 0
TAP 46380 7 9 0
HOLD 46380 7 9 46769
TAP 46769 4 6 0
HOLD 46769 4 6 46964
TAP 46769 10 12 0
TAP 46964 1 3 0
HOLD 46964 1 3 47159
TAP 47159 4 6 0
TAP 47159 10 12 0
HOLD 47159 10 12 47548
TAP 47548 1 3 0
TAP 47548 7 9 0
HOLD 47548 7 9 47938
TAP 47938 4 6 0
HOLD 47938 4 6 48328
TAP 48133 10 12 0
TAP 48328 1 3 0
TAP 48328 7 9 0
TAP 48522 10 12 0
TAP 48717 1 3 0
TAP 48717 7 9 0
TAP 48912 4 6 0
TAP 49009 7 9 0
TAP 49107 1 3 0
TAP 49107 10 12 0
TAP 49302 4 6 0
TAP 49496 7 9 0
TAP 49496 10 12 0
TAP 49691 1 3 0
TAP 49691 4 6 0
TAP 49886 4 6 0
TAP 49886 10 12 0
TAP 50081 1 3 0
HOLD 50081 1 3 50470
TAP 50081 7 9 0
TAP 50470 10 12 0
TAP 50665 1 3 0
TAP 50665 4 6 0
TAP 50860 7 9 0
TAP 50860 10 12 0
TAP 51055 1 3 0
TAP 51055 4 6 0
TAP 51250 4 6 0
TAP 51250 7 9 0
TAP 51444 7 9 0
TAP 51444 10 12 0
TAP 51639 1 3 0
TAP 51639 4 6 0
TAP 51834 10 12 0
TAP 52029 4 6 0
TAP 52224 7 9 0
TAP 52224 10 12 0
TAP 52418 1 3 0
TAP 52613 4 6 0
TAP 52808 10 12 0
TAP 53003 1 3 0
TAP 53003 4 6 0
TAP 53198 7 9 0
TAP 53393 1 3 0
TAP 53393 10 12 0
TAP 53587 4 6 0
TAP 53782 7 9 0
TAP 53782 10 12 0
TAP 53977 1 3 0
TAP 54172 4 6 0
TAP 54172 7 9 0
TAP 54367 1 3 0
TAP 54561 7 9 0
TAP 54561 10 12 0
HOLD 54561 10 12 54951
TAP 54951 1 3 0
TAP 54951 7 9 0
TAP 55146 4 6 0
TAP 55341 1 3 0
TAP 55341 7 9 0
TAP 55535 10 12 0
TAP 55633 7 9 0
TAP 55730 1 3 0
TAP 55730 4 6 0
TAP 55925 7 9 0
TAP 55925 10 12 0
TAP 56120 4 6 0
TAP 56120 10 12 0
TAP 56315 1 3 0
TAP 56315 7 9 0
TAP 56704 4 6 0
TAP 56704 10 12 0
TAP 56899 4 6 0
TAP 56899 10 12 0
TAP 57289 1 3 0
TAP 57289 4 6 0
TAP 57483 7 9 0
TAP 57483 10 12 0
TAP 57873 1 3 0
HOLD 57873 1 3 58263
TAP 57873 7 9 0
TAP 58263 10 12 0
TAP 58457 4 6 0
TAP 58457 7 9 0
TAP 58652 1 3 0
TAP 58847 7 9 0
TAP 58847 10 12 0
TAP 59042 1 3 0
TAP 59237 4 6 0
TAP 59237 7 9 0
TAP 59431 10 12 0
TAP 59626 1 3 0
TAP 59626 4 6 0
HOLD 59626 4 6 60211
TAP 60016 7 9 0
TAP 60211 1 3 0
TAP 60211 10 12 0
HOLD 60211 10 12 60795
TAP 60600 7 9 0
TAP 60795 1 3 0
TAP 60795 4 6 0
TAP 60990 7 9 0
HOLD 60990 7 9 61380
TAP 60990 10 12 0
TAP 61380 4 6 0
TAP 61574 1 3 0
TAP 61574 7 9 0
TAP 61769 4 6 0
TAP 61964 1 3 0
TAP 61964 10 12 0
TAP 62159 7 9 0
TAP 62354 1 3 0
TAP 62354 4 6 0
TAP 62548 10 12 0
TAP 62743 7 9 0
HOLD 62743 7 9 63328
TAP 62743 4 6 0
TAP 63133 1 3 0
TAP 63328 4 6 0
TAP 63328 10 12 0
HOLD 63328 10 12 63912
TAP 63717 4 6 0
TAP 63912 1 3 0
TAP 63912 7 9 0
TAP 64107 4 6 0
TAP 64302 7 9 0
TAP 64302 10 12 0
TAP 64691 4 6 0
TAP 64691 10 12 0
TAP 64886 1 3 0
TAP 64886 7 9 0
TAP 65081 4 6 0
TAP 65276 1 3 0
TAP 65276 10 12 0
TAP 65470 7 9 0
TAP 65665 1 3 0
TAP 65665 4 6 0
TAP 66055 10 12 0
TAP 66250 1 3 0
TAP 66250 7 9 0
TAP 66444 4 6 0
TAP 66639 7 9 0
TAP 66639 10 12 0
TAP 66834 4 6 0
TAP 67029 1 3 0
TAP 67029 10 12 0
TAP 67224 7 9 0
TAP 67418 1 3 0
TAP 67418 4 6 0
TAP 67808 4 6 0
TAP 67808 7 9 0
TAP 68003 10 12 0
TAP 68198 1 3 0
TAP 68198 4 6 0
TAP 68393 7 9 0
TAP 68587 4 6 0
TAP 68587 10 12 0
TAP 68782 1 3 0
TAP 68977 7 9 0
TAP 68977 10 12 0
TAP 69172 1 3 0
TAP 69172 4 6 0
TAP 69367 7 9 0
TAP 69367 10 12 0
TAP 69561 1 3 0
TAP 69561 10 12 0
TAP 69951 1 3 0
TAP 70048 4 6 0
TAP 70146 7 9 0
TAP 70146 10 12 0
TAP 70341 1 3 0
HOLD 70341 1 3 70730
TAP 70341 4 6 0
TAP 70730 7 9 0
TAP 70925 4 6 0
TAP 70925 10 12 0
TAP 71120 7 9 0
TAP 71315 1 3 0
TAP 71315 10 12 0
TAP 71509 4 6 0
TAP 71704 7 9 0
TAP 71704 10 12 0
TAP 71899 1 3 0
TAP 72094 4 6 0
TAP 72094 10 12 0
HOLD 72094 10 12 72678
TAP 72483 7 9 0
TAP 72678 1 3 0
HOLD 72678 1 3 73263
TAP 72678 4 6 0
TAP 73068 7 9 0
TAP 73263 4 6 0
TAP 73263 10 12 0
TAP 73457 1 3 0
TAP 73457 7 9 0
HOLD 73457 7 9 73847
TAP 73847 4 6 0
TAP 74042 1 3 0
TAP 74042 10 12 0
TAP 74237 4 6 0
TAP 74431 7 9 0
TAP 74431 10 12 0
TAP 74626 1 3 0
TAP 74821 4 6 0
TAP 74821 7 9 0
TAP 75016 1 3 0
TAP 75211 4 6 0
HOLD 75211 4 6 75795
TAP 75211 10 12 0
TAP 75600 1 3 0
TAP 75795 7 9 0
TAP 75795 10 12 0
HOLD 75795 10 12 76380
TAP 76185 4 6 0
TAP 76380 1 3 0
TAP 76380 7 9 0
TAP 76574 4 6 0
TAP 76769 1 3 0
HOLD 76769 1 3 77159
TAP 76769 7 9 0
TAP 77159 10 12 0
TAP 77354 1 3 0
TAP 77354 7 9 0
TAP 77743 7 9 0
TAP 77743 10 12 0
TAP 77938 1 3 0
TAP 77938 4 6 0
TAP 78133 7 9 0
TAP 78133 10 12 0
HOLD 78133 10 12 78522
TAP 78522 1 3 0
TAP 78522 4 6 0
TAP 78717 7 9 0
TAP 78717 10 12 0
TAP 78912 1 3 0
TAP 78912 4 6 0
TAP 79107 4 6 0
TAP 79107 7 9 0
TAP 79399 7 9 0
TAP 79399 10 12 0
TAP 79691 1 3 0
TAP 79691 10 12 0
TAP 79886 4 6 0
TAP 79886 7 9 0
HOLD 79886 7 9 80470
TAP 80081 1 3 0
TAP 80276 10 12 0
TAP 80470 1 3 0
TAP 80470 4 6 0
HOLD 80470 4 6 80860
TAP 80860 7 9 0
TAP 81055 1 3 0
TAP 81055 4 6 0
TAP 81250 7 9 0
TAP 81250 10 12 0
HOLD 81250 10 12 81639
TAP 81639 1 3 0
TAP 81639 4 6 0
TAP 81834 7 9 0
TAP 81834 10 12 0
TAP 82029 1 3 0
TAP 82029 4 6 0
TAP 82224 1 3 0
TAP 82224 10 12 0
TAP 82418 7 9 0
TAP 82613 1 3 0
TAP 82613 4 6 0
TAP 82808 7 9 0
TAP 82906 4 6 0
TAP 83003 1 3 0
TAP 83003 10 12 0
TAP 83198 7 9 0
TAP 83393 4 6 0
TAP 83393 10 12 0
TAP 83587 1 3 0
TAP 83782 7 9 0
TAP 83977 4 6 0
TAP 84172 1 3 0
TAP 84172 7 9 0
TAP 84367 4 6 0
TAP 84561 1 3 0
TAP 84756 7 9 0
TAP 84951 4 6 0
TAP 84951 10 12 0
TAP 85146 7 9 0
TAP 85341 10 12 0
TAP 85535 1 3 0
TAP 85535 4 6 0
TAP 85730 7 9 0
TAP 85730 10 12 0
TAP 86120 4 6 0
TAP 86120 1 3 0
TAP 86315 7 9 0
TAP 86509 4 6 0
TAP 86509 10 12 0
TAP 86704 1 3 0
TAP 86899 7 9 0
TAP 86899 10 12 0
TAP 87094 1 3 0
TAP 87094 4 6 0
TAP 87289 4 6 0
TAP 87289 10 12 0
TAP 87483 1 3 0
TAP 87483 7 9 0
TAP 87873 1 3 0
HOLD 87873 1 3 88263
TAP 87873 7 9 0
TAP 88263 7 9 0
TAP 88263 10 12 0
TAP 88457 1 3 0
TAP 88457 4 6 0
