TAP 887 1 3 0
TAP 1244 10 12 0
TAP 1363 1 3 0
TAP 1601 4 6 0
TAP 1839 7 9 0
TAP 2077 4 6 0
TAP 2196 10 12 0
TAP 2315 1 3 0
TAP 2553 1 3 0
TAP 2792 7 9 0
TAP 3030 4 6 0
TAP 3149 10 12 0
TAP 3268 7 9 0
TAP 3506 1 3 0
TAP 3744 4 6 0
TAP 3982 10 12 0
TAP 4101 7 9 0
TAP 4220 1 3 0
TAP 4458 1 3 0
TAP 4696 7 9 0
TAP 4934 4 6 0
TAP 5053 10 12 0
TAP 5172 1 3 0
TAP 5410 10 12 0
TAP 5648 7 9 0
TAP 5886 1 3 0
TAP 6005 4 6 0
TAP 6124 10 12 0
TAP 6362 10 12 0
TAP 6600 4 6 0
TAP 6839 1 3 0
TAP 6958 10 12 0
TAP 7077 7 9 0
TAP 7315 1 3 0
TAP 7553 4 6 0
TAP 7791 10 12 0
TAP 7910 7 9 0
TAP 8029 1 3 0
TAP 8267 1 3 0
TAP 8505 7 9 0
TAP 8743 4 6 0
TAP 8862 10 12 0
TAP 8981 1 3 0
TAP 9219 7 9 0
TAP 9457 4 6 0
TAP 9695 10 12 0
TAP 9814 1 3 0
TAP 9933 7 9 0
TAP 10171 7 9 0
TAP 10409 4 6 0
TAP 10647 10 12 0
TAP 10766 1 3 0
TAP 10886 7 9 0
TAP 11124 1 3 0
TAP 11362 4 6 0
TAP 11600 10 12 0
TAP 11719 7 9 0
TAP 11838 1 3 0
TAP 12076 1 3 0
TAP 12314 7 9 0
TAP 12552 4 6 0
TAP 12671 1 3 0
TAP 12790 10 12 0
TAP 13028 7 9 0
TAP 13266 1 3 0
TAP 13504 4 6 0
TAP 13742 10 12 0
TAP 13980 10 12 0
TAP 14218 1 3 0
TAP 14456 4 6 0
TAP 14575 10 12 0
TAP 14694 7 9 0
TAP 14932 1 3 0
TAP 15171 4 6 0
TAP 15409 10 12 0
TAP 15647 1 3 0
TAP 15885 1 3 0
TAP 16123 7 9 0
TAP 16123 10 12 0
TAP 16123 4 6 0
TAP 16361 7 9 0
TAP 16599 1 3 0
TAP 16599 7 9 0
TAP 16599 4 6 0
TAP 16837 1 3 0
TAP 17075 4 6 0
TAP 17075 1 3 0
TAP 17075 10 12 0
TAP 17313 4 6 0
TAP 17551 7 9 0
TAP 17551 10 12 0
TAP 17551 1 3 0
TAP 17789 7 9 0
TAP 18027 4 6 0
TAP 18027 1 3 0
TAP 18027 7 9 0
TAP 18265 4 6 0
TAP 18503 7 9 0
TAP 18503 10 12 0
TAP 18503 4 6 0
TAP 18741 10 12 0
TAP 18979 7 9 0
TAP 18979 10 12 0
TAP 18979 1 3 0
TAP 19218 4 6 0
TAP 19456 4 6 0
TAP 19456 1 3 0
TAP 19456 7 9 0
TAP 19694 1 3 0
TAP 19932 4 6 0
TAP 19932 7 9 0
TAP 19932 10 12 0
TAP 20170 7 9 0
TAP 20408 4 6 0
TAP 20408 1 3 0
TAP 20408 7 9 0
TAP 20646 1 3 0
TAP 20884 7 9 0
TAP 20884 10 12 0
TAP 20884 1 3 0
TAP 21122 4 6 0
TAP 21360 4 6 0
TAP 21360 1 3 0
TAP 21360 10 12 0
TAP 21598 7 9 0
TAP 21836 4 6 0
TAP 21836 1 3 0
TAP 21836 7 9 0
TAP 22074 4 6 0
TAP 22312 4 6 0
TAP 22312 10 12 0
TAP 22312 7 9 0
TAP 22550 10 12 0
TAP 22788 7 9 0
TAP 22788 10 12 0
TAP 22788 1 3 0
TAP 23026 7 9 0
TAP 23264 4 6 0
TAP 23264 1 3 0
TAP 23264 7 9 0
TAP 23503 4 6 0
TAP 23741 4 6 0
TAP 23741 1 3 0
TAP 23741 10 12 0
TAP 23979 7 9 0
TAP 24217 7 9 0
TAP 24217 10 12 0
TAP 24217 4 6 0
TAP 24455 1 3 0
TAP 24693 1 3 0
TAP 24693 4 6 0
TAP 24693 7 9 0
TAP 24931 4 6 0
TAP 25169 7 9 0
TAP 25169 10 12 0
TAP 25169 1 3 0
TAP 25407 7 9 0
TAP 25645 7 9 0
TAP 25645 4 6 0
TAP 25645 10 12 0
TAP 25883 4 6 0
TAP 26121 1 3 0
TAP 26121 4 6 0
TAP 26121 7 9 0
TAP 26359 10 12 0
TAP 26597 7 9 0
TAP 26597 10 12 0
TAP 26597 1 3 0
TAP 26835 4 6 0
TAP 27073 1 3 0
TAP 27073 10 12 0
TAP 27073 4 6 0
TAP 27311 7 9 0
TAP 27550 1 3 0
TAP 27550 4 6 0
TAP 27550 7 9 0
TAP 27788 1 3 0
TAP 28026 1 3 0
TAP 28026 4 6 0
TAP 28026 7 9 0
TAP 28264 10 12 0
TAP 28502 7 9 0
TAP 28502 10 12 0
TAP 28502 1 3 0
TAP 28740 7 9 0
TAP 28978 4 6 0
TAP 28978 7 9 0
TAP 28978 1 3 0
TAP 29216 1 3 0
TAP 29454 7 9 0
TAP 29454 10 12 0
TAP 29454 4 6 0
TAP 29692 7 9 0
TAP 29930 1 3 0
HOLD 29930 1 3 30168
TAP 30168 10 12 0
HOLD 30168 10 12 30406
TAP 30406 4 6 0
HOLD 30406 4 6 30644
TAP 30644 10 12 0
HOLD 30644 10 12 30882
TAP 30882 4 6 0
HOLD 30882 4 6 31120
TAP 31120 10 12 0
HOLD 31120 10 12 31358
TAP 31358 4 6 0
TAP 31358 1 3 0
TAP 31358 7 9 0
TAP 31477 10 12 0
TAP 31597 7 9 0
TAP 31716 4 6 0
TAP 31835 7 9 0
TAP 31835 10 12 0
TAP 31835 1 3 0
TAP 31954 4 6 0
TAP 32073 7 9 0
TAP 32192 10 12 0
TAP 32311 1 3 0
TAP 32311 4 6 0
TAP 32311 7 9 0
TAP 32430 10 12 0
TAP 32549 7 9 0
TAP 32668 4 6 0
TAP 32787 7 9 0
TAP 32787 10 12 0
TAP 32787 1 3 0
TAP 32906 4 6 0
TAP 33025 7 9 0
TAP 33144 10 12 0
TAP 33263 7 9 0
TAP 33263 4 6 0
TAP 33263 1 3 0
TAP 33382 10 12 0
TAP 33501 7 9 0
TAP 33620 4 6 0
TAP 33739 1 3 0
TAP 33739 7 9 0
TAP 33739 10 12 0
TAP 33858 4 6 0
TAP 33977 7 9 0
TAP 34096 10 12 0
TAP 34215 7 9 0
TAP 34215 4 6 0
TAP 34215 1 3 0
TAP 34334 10 12 0
TAP 34453 7 9 0
TAP 34572 4 6 0
TAP 34691 1 3 0
TAP 34691 7 9 0
TAP 34691 10 12 0
TAP 34810 4 6 0
TAP 34929 7 9 0
TAP 35048 10 12 0
TAP 35167 7 9 0
TAP 35167 4 6 0
TAP 35167 1 3 0
TAP 35286 10 12 0
TAP 35405 7 9 0
TAP 35524 4 6 0
TAP 35643 1 3 0
TAP 35643 7 9 0
TAP 35643 10 12 0
TAP 35763 4 6 0
TAP 35882 7 9 0
TAP 36001 10 12 0
TAP 36120 7 9 0
TAP 36120 4 6 0
TAP 36120 1 3 0
TAP 36239 10 12 0
TAP 36358 7 9 0
TAP 36477 4 6 0
TAP 36596 7 9 0
TAP 36596 10 12 0
TAP 36596 1 3 0
TAP 36715 4 6 0
TAP 36834 7 9 0
TAP 36953 10 12 0
TAP 37072 1 3 0
TAP 37072 4 6 0
TAP 37072 7 9 0
TAP 37191 10 12 0
TAP 37310 7 9 0
TAP 37429 1 3 0
TAP 37548 7 9 0
TAP 37548 10 12 0
TAP 37548 4 6 0
TAP 37667 1 3 0
TAP 37786 4 6 0
TAP 37905 10 12 0
TAP 38024 4 6 0
TAP 38024 1 3 0
TAP 38024 7 9 0
TAP 38143 10 12 0
TAP 38262 7 9 0
TAP 38381 1 3 0
TAP 38500 4 6 0
TAP 38500 7 9 0
TAP 38500 10 12 0
TAP 38619 1 3 0
TAP 38738 10 12 0
TAP 38857 7 9 0
TAP 38976 4 6 0
TAP 38976 1 3 0
TAP 38976 10 12 0
TAP 39095 4 6 0
TAP 39214 7 9 0
TAP 39214 10 12 0
TAP 39214 1 3 0
TAP 39333 7 9 0
TAP 39452 4 6 0
TAP 39452 7 9 0
TAP 39452 10 12 0
TAP 39571 4 6 0
TAP 39690 1 3 0
TAP 39690 4 6 0
TAP 39690 10 12 0
TAP 39809 1 3 0
TAP 39929 1 3 0
TAP 39929 4 6 0
TAP 39929 7 9 0
TAP 40048 7 9 0
TAP 40167 7 9 0
TAP 40167 10 12 0
TAP 40167 4 6 0
TAP 40286 10 12 0
TAP 40405 10 12 0
TAP 40405 4 6 0
TAP 40405 1 3 0
TAP 40524 4 6 0
TAP 40643 4 6 0
TAP 40643 7 9 0
TAP 40643 10 12 0
TAP 40762 7 9 0
TAP 40881 7 9 0
TAP 40881 10 12 0
TAP 40881 1 3 0
TAP 41000 1 3 0
TAP 41119 1 3 0
TAP 41119 4 6 0
TAP 41119 10 12 0
TAP 41238 4 6 0
TAP 41357 4 6 0
TAP 41357 7 9 0
TAP 41357 10 12 0
TAP 41476 7 9 0
TAP 41595 7 9 0
TAP 41595 10 12 0
TAP 41595 1 3 0
TAP 41714 10 12 0
TAP 41833 10 12 0
TAP 41833 4 6 0
TAP 41833 1 3 0
TAP 41952 4 6 0
TAP 42071 4 6 0
TAP 42071 7 9 0
TAP 42071 10 12 0
TAP 42190 7 9 0
TAP 42309 7 9 0
TAP 42309 1 3 0
TAP 42309 4 6 0
TAP 42428 1 3 0
TAP 42547 1 3 0
TAP 42547 7 9 0
TAP 42547 10 12 0
TAP 42666 7 9 0
TAP 42785 1 3 0
TAP 42785 4 6 0
TAP 42785 10 12 0
TAP 42904 1 3 0
TAP 42904 4 6 0
TAP 42904 7 9 0
TAP 43023 7 9 0
TAP 43023 4 6 0
TAP 43023 10 12 0
TAP 43142 1 3 0
TAP 43142 7 9 0
TAP 43142 10 12 0
TAP 43261 1 3 0
TAP 43261 4 6 0
TAP 43261 10 12 0
TAP 43380 1 3 0
TAP 43380 7 9 0
TAP 43380 4 6 0
TAP 43499 7 9 0
TAP 43499 10 12 0
TAP 43499 4 6 0
TAP 43618 7 9 0
TAP 43618 10 12 0
TAP 43618 1 3 0
TAP 43737 4 6 0
TAP 43737 1 3 0
TAP 43737 10 12 0
TAP 43856 1 3 0
TAP 43856 4 6 0
TAP 43856 7 9 0
TAP 43975 4 6 0
TAP 43975 7 9 0
TAP 43975 10 12 0
TAP 44095 10 12 0
TAP 44095 7 9 0
TAP 44095 1 3 0
TAP 44214 4 6 0
TAP 44214 7 9 0
TAP 44214 1 3 0
TAP 44333 4 6 0
TAP 44333 1 3 0
TAP 44333 10 12 0
TAP 44452 7 9 0
TAP 44452 4 6 0
TAP 44452 10 12 0
TAP 44571 7 9 0
TAP 44571 10 12 0
TAP 44571 1 3 0
TAP 44690 1 3 0
TAP 44690 4 6 0
TAP 44690 7 9 0
TAP 44809 4 6 0
TAP 44809 10 12 0
TAP 44809 1 3 0
TAP 44928 4 6 0
TAP 44928 7 9 0
TAP 44928 10 12 0
TAP 45047 7 9 0
TAP 45047 10 12 0
TAP 45166 7 9 0
TAP 45166 1 3 0
TAP 45285 4 6 0
TAP 45285 1 3 0
TAP 45404 4 6 0
TAP 45404 10 12 0
TAP 45523 7 9 0
TAP 45523 10 12 0
TAP 45642 1 3 0
HOLD 45642 1 3 45880
TAP 45880 4 6 0
HOLD 45880 4 6 46118
TAP 46118 7 9 0
HOLD 46118 7 9 46356
TAP 46356 10 12 0
HOLD 46356 10 12 46535
TAP 46594 1 3 0
TAP 46594 10 12 0
TAP 46594 7 9 0
TAP 46594 4 6 0
TAP 46713 4 6 0
TAP 46713 1 3 0
TAP 46832 1 3 0
TAP 46832 7 9 0
TAP 46951 4 6 0
TAP 46951 7 9 0
TAP 47070 7 9 0
TAP 47070 10 12 0
TAP 47070 1 3 0
TAP 47070 4 6 0
TAP 47189 10 12 0
TAP 47189 7 9 0
TAP 47308 10 12 0
TAP 47308 1 3 0
TAP 47427 1 3 0
TAP 47427 4 6 0
TAP 47546 4 6 0
TAP 47546 7 9 0
TAP 47546 10 12 0
TAP 47546 1 3 0
TAP 47665 7 9 0
TAP 47665 10 12 0
TAP 47784 1 3 0
TAP 47784 7 9 0
TAP 47903 1 3 0
TAP 47903 4 6 0
TAP 48022 4 6 0
TAP 48022 1 3 0
TAP 48022 7 9 0
TAP 48022 10 12 0
TAP 48141 7 9 0
TAP 48141 10 12 0
TAP 48261 4 6 0
TAP 48261 10 12 0
TAP 48380 4 6 0
TAP 48380 7 9 0
TAP 48499 1 3 0
TAP 48499 4 6 0
TAP 48499 7 9 0
TAP 48499 10 12 0
TAP 48618 1 3 0
TAP 48618 4 6 0
TAP 48737 1 3 0
TAP 48737 7 9 0
TAP 48856 10 12 0
TAP 48856 7 9 0
TAP 48975 7 9 0
TAP 48975 4 6 0
TAP 48975 1 3 0
TAP 48975 10 12 0
TAP 49094 4 6 0
TAP 49094 10 12 0
TAP 49213 4 6 0
TAP 49213 1 3 0
TAP 49332 1 3 0
TAP 49332 7 9 0
TAP 49451 1 3 0
TAP 49451 4 6 0
TAP 49451 7 9 0
TAP 49451 10 12 0
TAP 49570 7 9 0
TAP 49570 10 12 0
TAP 49689 10 12 0
TAP 49689 1 3 0
TAP 49808 1 3 0
TAP 49808 7 9 0
TAP 49927 4 6 0
TAP 49927 1 3 0
TAP 49927 7 9 0
TAP 49927 10 12 0
TAP 50046 4 6 0
TAP 50046 10 12 0
TAP 50165 4 6 0
TAP 50165 7 9 0
TAP 50284 7 9 0
TAP 50284 1 3 0
TAP 50403 4 6 0
TAP 50403 1 3 0
TAP 50403 7 9 0
TAP 50403 10 12 0
TAP 50522 4 6 0
TAP 50522 1 3 0
TAP 50641 1 3 0
TAP 50641 4 6 0
TAP 50760 7 9 0
TAP 50760 10 12 0
TAP 50879 4 6 0
TAP 50879 1 3 0
TAP 50879 7 9 0
TAP 50879 10 12 0
TAP 50998 4 6 0
TAP 50998 1 3 0
TAP 51117 4 6 0
TAP 51117 10 12 0
TAP 51236 10 12 0
TAP 51236 1 3 0
TAP 51355 4 6 0
TAP 51355 7 9 0
TAP 51355 10 12 0
TAP 51355 1 3 0
TAP 51474 10 12 0
TAP 51474 7 9 0
TAP 51593 1 3 0
TAP 51593 10 12 0
TAP 51712 7 9 0
TAP 51712 1 3 0
TAP 51831 1 3 0
TAP 51831 4 6 0
TAP 51831 7 9 0
TAP 51831 10 12 0
TAP 51950 4 6 0
TAP 51950 1 3 0
TAP 52069 1 3 0
TAP 52069 10 12 0
TAP 52188 10 12 0
TAP 52188 4 6 0
TAP 52308 4 6 0
TAP 52308 1 3 0
TAP 52308 7 9 0
TAP 52308 10 12 0
TAP 52427 10 12 0
TAP 52427 7 9 0
TAP 52546 1 3 0
TAP 52546 7 9 0
TAP 52665 1 3 0
TAP 52665 4 6 0
TAP 52784 7 9 0
TAP 52784 10 12 0
TAP 52784 4 6 0
TAP 52784 1 3 0
TAP 52903 7 9 0
TAP 52903 10 12 0
TAP 53022 7 9 0
TAP 53022 1 3 0
TAP 53141 1 3 0
TAP 53141 10 12 0
TAP 53260 7 9 0
TAP 53260 4 6 0
TAP 53260 1 3 0
TAP 53260 10 12 0
TAP 53379 1 3 0
TAP 53379 4 6 0
TAP 53498 10 12 0
TAP 53498 1 3 0
TAP 53617 4 6 0
TAP 53617 10 12 0
TAP 53736 10 12 0
TAP 53736 7 9 0
TAP 53736 4 6 0
TAP 53736 1 3 0
TAP 53855 7 9 0
TAP 53855 10 12 0
TAP 53974 10 12 0
TAP 53974 1 3 0
TAP 54093 1 3 0
TAP 54093 7 9 0
TAP 54212 7 9 0
TAP 54212 10 12 0
TAP 54212 4 6 0
TAP 54212 1 3 0
TAP 54331 1 3 0
TAP 54331 4 6 0
TAP 54450 4 6 0
TAP 54450 7 9 0
TAP 54569 10 12 0
TAP 54569 7 9 0
TAP 54688 7 9 0
TAP 54688 10 12 0
TAP 54688 4 6 0
TAP 54688 1 3 0
TAP 54807 4 6 0
TAP 54807 10 12 0
TAP 54926 1 3 0
TAP 54926 4 6 0
TAP 55045 10 12 0
TAP 55045 1 3 0
TAP 55164 1 3 0
TAP 55164 4 6 0
TAP 55164 7 9 0
TAP 55164 10 12 0
TAP 55283 7 9 0
TAP 55283 10 12 0
TAP 55402 7 9 0
TAP 55402 1 3 0
TAP 55521 4 6 0
TAP 55521 1 3 0
TAP 55640 7 9 0
TAP 55640 10 12 0
TAP 55640 4 6 0
TAP 55640 1 3 0
TAP 55759 7 9 0
TAP 55759 10 12 0
TAP 55878 4 6 0
TAP 55878 10 12 0
TAP 55997 4 6 0
TAP 55997 7 9 0
TAP 56116 7 9 0
TAP 56116 10 12 0
TAP 56116 4 6 0
TAP 56116 1 3 0
TAP 56235 1 3 0
TAP 56235 7 9 0
TAP 56354 4 6 0
TAP 56354 1 3 0
TAP 56474 4 6 0
TAP 56474 10 12 0
TAP 56593 7 9 0
TAP 56593 10 12 0
TAP 56593 4 6 0
TAP 56593 1 3 0
TAP 56712 7 9 0
TAP 56712 10 12 0
TAP 56831 7 9 0
TAP 56831 1 3 0
TAP 56950 4 6 0
TAP 56950 1 3 0
TAP 57069 1 3 0
TAP 57069 4 6 0
TAP 57069 7 9 0
TAP 57069 10 12 0
TAP 57188 7 9 0
TAP 57188 10 12 0
TAP 57307 10 12 0
TAP 57307 4 6 0
TAP 57426 4 6 0
TAP 57426 1 3 0
TAP 57545 1 3 0
TAP 57545 4 6 0
TAP 57545 10 12 0
TAP 57545 7 9 0
TAP 57664 7 9 0
TAP 57664 1 3 0
TAP 57783 4 6 0
TAP 57783 7 9 0
TAP 57902 4 6 0
TAP 57902 10 12 0
TAP 58021 7 9 0
TAP 58021 10 12 0
TAP 58021 4 6 0
TAP 58021 1 3 0
TAP 58140 7 9 0
TAP 58140 10 12 0
TAP 58259 7 9 0
TAP 58259 1 3 0
TAP 58378 1 3 0
TAP 58378 4 6 0
TAP 58497 4 6 0
TAP 58497 7 9 0
TAP 58497 10 12 0
TAP 58497 1 3 0
TAP 58616 7 9 0
TAP 58616 10 12 0
TAP 58735 1 3 0
TAP 58735 4 6 0
TAP 58854 1 3 0
TAP 58854 4 6 0
TAP 58973 4 6 0
TAP 58973 1 3 0
TAP 58973 7 9 0
TAP 58973 10 12 0
TAP 59092 7 9 0
TAP 59092 10 12 0
TAP 59211 4 6 0
TAP 59211 1 3 0
TAP 59330 4 6 0
TAP 59330 1 3 0
TAP 59449 1 3 0
TAP 59449 4 6 0
TAP 59449 7 9 0
TAP 59449 10 12 0
TAP 59568 7 9 0
TAP 59568 10 12 0
TAP 59687 4 6 0
TAP 59687 1 3 0
TAP 59806 1 3 0
TAP 59806 4 6 0
TAP 59925 1 3 0
TAP 59925 4 6 0
TAP 59925 10 12 0
TAP 59925 7 9 0
TAP 60044 7 9 0
TAP 60044 1 3 0
TAP 60163 10 12 0
TAP 60163 7 9 0
TAP 60282 10 12 0
TAP 60282 4 6 0
TAP 60401 7 9 0
TAP 60401 10 12 0
TAP 60401 4 6 0
TAP 60401 1 3 0
TAP 60520 4 6 0
TAP 60520 1 3 0
TAP 60640 7 9 0
TAP 60640 10 12 0
TAP 60759 7 9 0
TAP 60759 10 12 0
TAP 60878 1 3 0
TAP 60878 4 6 0
TAP 60878 7 9 0
TAP 60878 10 12 0
TAP 60997 4 6 0
TAP 60997 1 3 0
TAP 61116 7 9 0
TAP 61116 10 12 0
TAP 61235 7 9 0
TAP 61235 10 12 0
TAP 61354 1 3 0
TAP 61354 4 6 0
TAP 61354 7 9 0
TAP 61354 10 12 0
TAP 61473 4 6 0
TAP 61473 1 3 0
TAP 61592 7 9 0
TAP 61592 10 12 0
TAP 61711 7 9 0
TAP 61711 10 12 0
TAP 61830 4 6 0
TAP 61830 7 9 0
TAP 61830 10 12 0
TAP 61830 1 3 0
TAP 61949 4 6 0
TAP 61949 1 3 0
TAP 62068 1 3 0
TAP 62068 7 9 0
TAP 62187 7 9 0
TAP 62187 10 12 0
TAP 62306 4 6 0
TAP 62306 7 9 0
TAP 62306 10 12 0
TAP 62306 1 3 0
TAP 62425 4 6 0
TAP 62425 1 3 0
TAP 62544 1 3 0
TAP 62544 10 12 0
TAP 62663 7 9 0
TAP 62663 10 12 0
TAP 62782 1 3 0
TAP 62782 4 6 0
TAP 62782 7 9 0
TAP 62782 10 12 0
TAP 62901 1 3 0
TAP 62901 7 9 0
TAP 63020 1 3 0
TAP 63020 4 6 0
TAP 63139 10 12 0
TAP 63139 4 6 0
TAP 63258 1 3 0
TAP 63258 4 6 0
TAP 63258 7 9 0
TAP 63258 10 12 0
TAP 63377 7 9 0
TAP 63377 10 12 0
TAP 63496 7 9 0
TAP 63496 1 3 0
TAP 63615 1 3 0
TAP 63615 4 6 0
TAP 63734 4 6 0
TAP 63734 7 9 0
TAP 63734 10 12 0
TAP 63734 1 3 0
TAP 63853 7 9 0
TAP 63853 10 12 0
TAP 63972 10 12 0
TAP 63972 4 6 0
TAP 64091 4 6 0
TAP 64091 1 3 0
TAP 64210 4 6 0
TAP 64210 1 3 0
TAP 64210 7 9 0
TAP 64210 10 12 0
TAP 64329 10 12 0
TAP 64329 7 9 0
TAP 64448 4 6 0
TAP 64448 1 3 0
TAP 64567 1 3 0
TAP 64567 7 9 0
TAP 64686 7 9 0
TAP 64686 10 12 0
TAP 64686 4 6 0
TAP 64686 1 3 0
TAP 64806 4 6 0
TAP 64806 10 12 0
TAP 64925 7 9 0
TAP 64925 10 12 0
TAP 65044 7 9 0
TAP 65044 1 3 0
TAP 65163 4 6 0
TAP 65163 1 3 0
TAP 65163 7 9 0
TAP 65163 10 12 0
TAP 65282 4 6 0
TAP 65282 1 3 0
TAP 65401 4 6 0
TAP 65401 10 12 0
TAP 65520 7 9 0
TAP 65520 10 12 0
TAP 65639 7 9 0
TAP 65639 10 12 0
TAP 65639 4 6 0
TAP 65639 1 3 0
TAP 65758 7 9 0
TAP 65758 1 3 0
TAP 65877 1 3 0
TAP 65877 4 6 0
TAP 65996 4 6 0
TAP 65996 10 12 0
TAP 66115 7 9 0
TAP 66115 10 12 0
TAP 66115 4 6 0
TAP 66115 1 3 0
TAP 66234 7 9 0
TAP 66234 10 12 0
TAP 66353 10 12 0
TAP 66353 1 3 0
TAP 66472 1 3 0
TAP 66472 7 9 0
TAP 66591 1 3 0
TAP 66591 4 6 0
TAP 66591 7 9 0
TAP 66591 10 12 0
TAP 66710 4 6 0
TAP 66710 1 3 0
TAP 66829 1 3 0
TAP 66829 10 12 0
TAP 66948 4 6 0
TAP 66948 10 12 0
TAP 67067 7 9 0
TAP 67067 10 12 0
TAP 67067 4 6 0
TAP 67067 1 3 0
TAP 67186 7 9 0
TAP 67186 10 12 0
TAP 67305 10 12 0
TAP 67305 1 3 0
TAP 67424 1 3 0
TAP 67424 7 9 0
TAP 67543 4 6 0
TAP 67543 1 3 0
TAP 67543 7 9 0
TAP 67543 10 12 0
TAP 67662 4 6 0
TAP 67662 1 3 0
TAP 67781 7 9 0
TAP 67781 4 6 0
TAP 67900 10 12 0
TAP 67900 7 9 0
TAP 68019 7 9 0
TAP 68019 10 12 0
TAP 68019 4 6 0
TAP 68019 1 3 0
TAP 68138 4 6 0
TAP 68138 1 3 0
TAP 68257 1 3 0
TAP 68257 10 12 0
TAP 68376 4 6 0
TAP 68376 10 12 0
TAP 68495 7 9 0
TAP 68495 10 12 0
TAP 68495 4 6 0
TAP 68495 1 3 0
TAP 68614 7 9 0
TAP 68614 10 12 0
TAP 68733 10 12 0
TAP 68733 1 3 0
TAP 68852 1 3 0
TAP 68852 7 9 0
TAP 68972 4 6 0
TAP 68972 1 3 0
TAP 68972 7 9 0
TAP 68972 10 12 0
TAP 69091 4 6 0
TAP 69091 1 3 0
TAP 69210 1 3 0
TAP 69210 10 12 0
TAP 69329 4 6 0
TAP 69329 10 12 0
TAP 69448 7 9 0
TAP 69448 10 12 0
TAP 69448 1 3 0
TAP 69567 7 9 0
TAP 69686 4 6 0
TAP 69686 10 12 0
TAP 69686 7 9 0
TAP 69805 4 6 0
TAP 69924 1 3 0
TAP 69924 4 6 0
TAP 69924 10 12 0
TAP 70043 1 3 0
TAP 70162 1 3 0
TAP 70162 4 6 0
TAP 70162 7 9 0
TAP 70281 4 6 0
TAP 70400 7 9 0
TAP 70400 10 12 0
TAP 70400 4 6 0
TAP 70519 10 12 0
TAP 70638 10 12 0
TAP 70638 7 9 0
TAP 70638 1 3 0
TAP 70757 1 3 0
TAP 70876 1 3 0
TAP 70876 4 6 0
TAP 70876 10 12 0
TAP 70995 10 12 0
TAP 71114 10 12 0
TAP 71114 7 9 0
TAP 71114 1 3 0
TAP 71233 1 3 0
TAP 71352 1 3 0
TAP 71352 4 6 0
TAP 71352 7 9 0
TAP 71471 4 6 0
TAP 71590 4 6 0
TAP 71590 7 9 0
TAP 71590 10 12 0
TAP 71709 7 9 0
TAP 71828 7 9 0
TAP 71828 10 12 0
TAP 71828 1 3 0
TAP 71947 10 12 0
TAP 72066 10 12 0
TAP 72066 7 9 0
TAP 72066 4 6 0
TAP 72185 4 6 0
TAP 72304 4 6 0
TAP 72304 1 3 0
TAP 72304 7 9 0
TAP 72423 7 9 0
TAP 72542 7 9 0
TAP 72542 10 12 0
TAP 72542 1 3 0
TAP 72661 1 3 0
TAP 72780 1 3 0
TAP 72780 4 6 0
TAP 72780 10 12 0
TAP 72899 4 6 0
TAP 73019 4 6 0
TAP 73019 7 9 0
TAP 73019 10 12 0
TAP 73138 7 9 0
TAP 73257 7 9 0
TAP 73257 10 12 0
TAP 73257 1 3 0
HOLD 73257 1 3 73495
TAP 73495 10 12 0
HOLD 73495 10 12 73733
TAP 73733 1 3 0
HOLD 73733 1 3 73971
TAP 73971 10 12 0
HOLD 73971 10 12 74209
TAP 74209 1 3 0
HOLD 74209 1 3 74447
TAP 74447 10 12 0
HOLD 74447 10 12 74685
TAP 74685 1 3 0
HOLD 74685 1 3 74923
TAP 74923 10 12 0
HOLD 74923 10 12 75161
TAP 75161 1 3 0
HOLD 75161 1 3 75399
TAP 75399 10 12 0
HOLD 75399 10 12 75637
TAP 75637 1 3 0
HOLD 75637 1 3 75875
TAP 75875 7 9 0
HOLD 75875 7 9 76113
TAP 76113 1 3 0
HOLD 76113 1 3 76292
TAP 76113 4 6 0
HOLD 76113 4 6 76292
TAP 76113 10 12 0
HOLD 76113 10 12 76292
TAP 76351 1 3 0
HOLD 76351 1 3 76530
TAP 76351 7 9 0
HOLD 76351 7 9 76530
TAP 76351 4 6 0
HOLD 76351 4 6 76530
TAP 76589 7 9 0
HOLD 76589 7 9 76768
TAP 76589 4 6 0
HOLD 76589 4 6 76768
TAP 76589 10 12 0
HOLD 76589 10 12 76768
TAP 76827 1 3 0
HOLD 76827 1 3 77006
TAP 76827 7 9 0
HOLD 76827 7 9 77006
TAP 76827 10 12 0
HOLD 76827 10 12 77006
TAP 77065 1 3 0
TAP 77065 4 6 0
TAP 77065 7 9 0
TAP 77065 10 12 0
TAP 77185 4 6 0
TAP 77185 1 3 0
TAP 77185 7 9 0
TAP 77304 1 3 0
TAP 77304 4 6 0
TAP 77304 7 9 0
TAP 77304 10 12 0
TAP 77423 7 9 0
TAP 77423 10 12 0
TAP 77423 4 6 0
TAP 77542 1 3 0
TAP 77542 4 6 0
TAP 77542 7 9 0
TAP 77542 10 12 0
TAP 77661 10 12 0
TAP 77661 1 3 0
TAP 77661 7 9 0
TAP 77780 1 3 0
TAP 77780 4 6 0
TAP 77780 7 9 0
TAP 77780 10 12 0
TAP 77899 4 6 0
TAP 77899 1 3 0
TAP 77899 10 12 0
TAP 78018 1 3 0
TAP 78018 4 6 0
TAP 78018 7 9 0
TAP 78018 10 12 0
TAP 78137 1 3 0
TAP 78137 7 9 0
TAP 78137 10 12 0
TAP 78256 4 6 0
TAP 78256 7 9 0
TAP 78256 10 12 0
TAP 78375 1 3 0
TAP 78375 7 9 0
TAP 78375 4 6 0
TAP 78494 4 6 0
TAP 78494 7 9 0
TAP 78494 10 12 0
TAP 78494 1 3 0
TAP 78613 10 12 0
TAP 78613 1 3 0
TAP 78613 4 6 0
TAP 78732 1 3 0
TAP 78732 7 9 0
TAP 78732 10 12 0
TAP 78851 7 9 0
TAP 78851 10 12 0
TAP 78851 4 6 0
TAP 78970 1 3 0
TAP 78970 4 6 0
TAP 78970 7 9 0
TAP 78970 10 12 0
TAP 79089 1 3 0
TAP 79089 4 6 0
TAP 79089 7 9 0
TAP 79208 1 3 0
TAP 79208 4 6 0
TAP 79208 10 12 0
TAP 79327 1 3 0
TAP 79327 7 9 0
TAP 79327 10 12 0
TAP 79446 1 3 0
TAP 79446 4 6 0
TAP 79446 7 9 0
TAP 79446 10 12 0
TAP 79565 4 6 0
TAP 79565 7 9 0
TAP 79565 10 12 0
TAP 79684 4 6 0
TAP 79684 1 3 0
TAP 79684 7 9 0
TAP 79803 1 3 0
TAP 79803 10 12 0
TAP 79803 7 9 0
TAP 79922 1 3 0
TAP 79922 4 6 0
TAP 79922 10 12 0
TAP 79922 7 9 0
TAP 80041 4 6 0
TAP 80041 1 3 0
TAP 80041 10 12 0
TAP 80160 1 3 0
TAP 80160 10 12 0
TAP 80160 4 6 0
TAP 80279 7 9 0
TAP 80279 10 12 0
TAP 80279 4 6 0
TAP 80398 1 3 0
TAP 80398 4 6 0
TAP 80398 7 9 0
TAP 80398 10 12 0
TAP 80517 7 9 0
TAP 80517 10 12 0
TAP 80517 1 3 0
TAP 80636 7 9 0
TAP 80636 4 6 0
TAP 80636 1 3 0
TAP 80755 1 3 0
TAP 80755 4 6 0
TAP 80755 10 12 0
TAP 80874 1 3 0
TAP 80874 4 6 0
TAP 80874 7 9 0
TAP 80874 10 12 0
TAP 80993 7 9 0
TAP 80993 10 12 0
TAP 80993 4 6 0
TAP 81112 7 9 0
TAP 81112 10 12 0
TAP 81112 1 3 0
TAP 81231 4 6 0
TAP 81231 7 9 0
TAP 81231 1 3 0
TAP 81351 4 6 0
TAP 81351 7 9 0
TAP 81351 1 3 0
TAP 81351 10 12 0
TAP 81470 4 6 0
TAP 81470 1 3 0
TAP 81470 10 12 0
TAP 81589 7 9 0
TAP 81589 1 3 0
TAP 81589 10 12 0
TAP 81589 4 6 0
TAP 81708 7 9 0
TAP 81708 10 12 0
TAP 81708 4 6 0
TAP 81827 10 12 0
TAP 81827 4 6 0
TAP 81827 7 9 0
TAP 81827 1 3 0
TAP 81946 1 3 0
TAP 81946 7 9 0
TAP 81946 10 12 0
TAP 82065 4 6 0
TAP 82065 10 12 0
TAP 82065 1 3 0
TAP 82065 7 9 0
TAP 82184 4 6 0
TAP 82184 1 3 0
TAP 82184 10 12 0
TAP 82303 1 3 0
TAP 82303 10 12 0
TAP 82303 4 6 0
TAP 82303 7 9 0
TAP 82422 7 9 0
TAP 82422 10 12 0
TAP 82422 4 6 0
TAP 82541 10 12 0
TAP 82541 4 6 0
TAP 82541 7 9 0
TAP 82541 1 3 0
TAP 82660 1 3 0
TAP 82660 4 6 0
TAP 82660 10 12 0
TAP 82779 7 9 0
TAP 82779 1 3 0
TAP 82779 10 12 0
TAP 82779 4 6 0
TAP 82898 7 9 0
TAP 82898 10 12 0
TAP 82898 1 3 0
TAP 83017 4 6 0
TAP 83017 7 9 0
TAP 83017 1 3 0
TAP 83136 4 6 0
TAP 83136 1 3 0
TAP 83136 10 12 0
TAP 83255 4 6 0
TAP 83255 7 9 0
TAP 83255 1 3 0
TAP 83255 10 12 0
TAP 83374 7 9 0
TAP 83374 10 12 0
TAP 83374 4 6 0
TAP 83493 7 9 0
TAP 83493 1 3 0
TAP 83493 10 12 0
TAP 83493 4 6 0
TAP 83612 7 9 0
TAP 83612 10 12 0
TAP 83612 1 3 0
TAP 83731 10 12 0
TAP 83731 4 6 0
TAP 83731 7 9 0
TAP 83731 1 3 0
TAP 83850 1 3 0
TAP 83850 4 6 0
TAP 83850 7 9 0
TAP 83969 4 6 0
TAP 83969 10 12 0
TAP 83969 1 3 0
TAP 83969 7 9 0
TAP 84088 7 9 0
TAP 84088 10 12 0
TAP 84088 1 3 0
TAP 84207 1 3 0
TAP 84207 10 12 0
TAP 84207 4 6 0
TAP 84207 7 9 0
TAP 84326 4 6 0
TAP 84326 7 9 0
TAP 84326 10 12 0
TAP 84445 10 12 0
TAP 84445 4 6 0
TAP 84445 7 9 0
TAP 84445 1 3 0
TAP 84564 1 3 0
TAP 84564 4 6 0
TAP 84564 10 12 0
TAP 84683 7 9 0
TAP 84683 1 3 0
TAP 84683 10 12 0
TAP 84683 4 6 0
TAP 84802 7 9 0
TAP 84802 10 12 0
TAP 84802 1 3 0
TAP 84921 4 6 0
TAP 84921 7 9 0
TAP 84921 1 3 0
TAP 85040 4 6 0
TAP 85040 1 3 0
TAP 85040 10 12 0
TAP 85159 4 6 0
TAP 85159 7 9 0
TAP 85159 1 3 0
TAP 85159 10 12 0
TAP 85278 7 9 0
TAP 85278 10 12 0
TAP 85278 4 6 0
TAP 85397 7 9 0
TAP 85397 10 12 0
TAP 85397 1 3 0
TAP 85517 1 3 0
TAP 85517 4 6 0
TAP 85517 7 9 0
TAP 85636 10 12 0
TAP 85636 4 6 0
TAP 85636 7 9 0
TAP 85636 1 3 0
TAP 85755 4 6 0
TAP 85755 10 12 0
TAP 85755 1 3 0
TAP 85874 1 3 0
TAP 85874 4 6 0
TAP 85874 7 9 0
TAP 85993 7 9 0
TAP 85993 10 12 0
TAP 85993 4 6 0
TAP 86112 1 3 0
TAP 86112 10 12 0
TAP 86112 4 6 0
TAP 86112 7 9 0
TAP 86231 7 9 0
TAP 86231 10 12 0
TAP 86231 1 3 0
TAP 86350 10 12 0
TAP 86350 7 9 0
TAP 86350 4 6 0
TAP 86469 4 6 0
TAP 86469 1 3 0
TAP 86469 7 9 0
TAP 86588 7 9 0
TAP 86588 1 3 0
TAP 86588 10 12 0
TAP 86588 4 6 0
TAP 86707 1 3 0
TAP 86707 4 6 0
TAP 86707 10 12 0
TAP 86826 1 3 0
TAP 86826 7 9 0
TAP 86826 10 12 0
TAP 86945 4 6 0
TAP 86945 7 9 0
TAP 86945 10 12 0
TAP 87064 4 6 0
TAP 87064 7 9 0
TAP 87064 1 3 0
TAP 87064 10 12 0
TAP 87183 4 6 0
TAP 87183 1 3 0
TAP 87183 7 9 0
TAP 87302 1 3 0
TAP 87302 4 6 0
TAP 87302 10 12 0
TAP 87421 7 9 0
TAP 87421 10 12 0
TAP 87421 4 6 0
TAP 87540 10 12 0
TAP 87540 4 6 0
TAP 87540 7 9 0
TAP 87540 1 3 0
TAP 87659 7 9 0
TAP 87659 10 12 0
TAP 87659 1 3 0
TAP 87778 4 6 0
TAP 87778 1 3 0
TAP 87778 7 9 0
TAP 87897 1 3 0
TAP 87897 4 6 0
TAP 87897 10 12 0
TAP 88016 1 3 0
TAP 88016 10 12 0
TAP 88016 4 6 0
TAP 88016 7 9 0
TAP 88135 7 9 0
TAP 88135 10 12 0
TAP 88135 4 6 0
TAP 88254 1 3 0
TAP 88254 7 9 0
TAP 88254 10 12 0
TAP 88373 4 6 0
TAP 88373 1 3 0
TAP 88373 7 9 0
TAP 88492 7 9 0
TAP 88492 1 3 0
TAP 88492 10 12 0
TAP 88492 4 6 0
TAP 88611 1 3 0
TAP 88611 4 6 0
TAP 88611 10 12 0
TAP 88730 7 9 0
TAP 88730 10 12 0
TAP 88730 4 6 0
TAP 88849 7 9 0
TAP 88849 10 12 0
TAP 88849 4 6 0
TAP 88968 4 6 0
TAP 88968 7 9 0
TAP 88968 1 3 0
TAP 88968 10 12 0
TAP 89087 1 3 0
TAP 89087 4 6 0
TAP 89087 7 9 0
TAP 89206 7 9 0
TAP 89206 1 3 0
TAP 89206 10 12 0
TAP 89206 4 6 0
TAP 89325 7 9 0
TAP 89325 10 12 0
TAP 89325 1 3 0
TAP 89444 10 12 0
TAP 89444 4 6 0
TAP 89444 7 9 0
TAP 89444 1 3 0
TAP 89563 4 6 0
TAP 89563 1 3 0
TAP 89563 7 9 0
TAP 89683 4 6 0
TAP 89683 10 12 0
TAP 89683 1 3 0
TAP 89683 7 9 0
TAP 89802 10 12 0
TAP 89802 1 3 0
TAP 89802 7 9 0
TAP 89921 1 3 0
TAP 89921 10 12 0
TAP 89921 4 6 0
TAP 89921 7 9 0
TAP 90040 4 6 0
TAP 90040 1 3 0
TAP 90040 7 9 0
TAP 90159 10 12 0
TAP 90159 4 6 0
TAP 90159 7 9 0
TAP 90159 1 3 0
TAP 90278 7 9 0
TAP 90278 10 12 0
TAP 90278 1 3 0
TAP 90397 7 9 0
TAP 90397 1 3 0
TAP 90397 10 12 0
TAP 90397 4 6 0
TAP 90516 4 6 0
TAP 90516 7 9 0
TAP 90516 10 12 0
TAP 90635 4 6 0
TAP 90635 1 3 0
TAP 90635 10 12 0
TAP 90754 7 9 0
TAP 90754 10 12 0
TAP 90754 1 3 0
TAP 90873 4 6 0
TAP 90873 7 9 0
TAP 90873 1 3 0
TAP 90873 10 12 0
TAP 90992 4 6 0
TAP 90992 7 9 0
TAP 90992 10 12 0
TAP 91111 7 9 0
TAP 91111 1 3 0
TAP 91111 10 12 0
TAP 91111 4 6 0
TAP 91230 4 6 0
TAP 91230 1 3 0
TAP 91230 10 12 0
TAP 91349 10 12 0
TAP 91349 4 6 0
TAP 91349 7 9 0
TAP 91349 1 3 0
TAP 91468 7 9 0
TAP 91468 10 12 0
TAP 91468 4 6 0
TAP 91587 4 6 0
TAP 91587 10 12 0
TAP 91587 1 3 0
TAP 91587 7 9 0
TAP 91706 1 3 0
TAP 91706 4 6 0
TAP 91706 10 12 0
TAP 91825 1 3 0
TAP 91825 10 12 0
TAP 91825 4 6 0
TAP 91825 7 9 0
TAP 91944 7 9 0
TAP 91944 10 12 0
TAP 91944 4 6 0
TAP 92063 10 12 0
TAP 92063 4 6 0
TAP 92063 7 9 0
TAP 92063 1 3 0
TAP 92182 4 6 0
TAP 92182 1 3 0
TAP 92182 10 12 0
TAP 92301 7 9 0
TAP 92301 1 3 0
TAP 92301 10 12 0
TAP 92301 4 6 0
TAP 92420 7 9 0
TAP 92420 10 12 0
TAP 92420 1 3 0
TAP 92539 4 6 0
TAP 92539 7 9 0
TAP 92539 10 12 0
TAP 92658 4 6 0
TAP 92658 1 3 0
TAP 92658 7 9 0
TAP 92777 4 6 0
TAP 92777 7 9 0
TAP 92777 1 3 0
TAP 92777 10 12 0
TAP 92896 1 3 0
TAP 92896 4 6 0
TAP 92896 10 12 0
TAP 93015 4 6 0
TAP 93015 10 12 0
TAP 93015 7 9 0
TAP 93134 7 9 0
TAP 93134 10 12 0
TAP 93134 4 6 0
TAP 93253 10 12 0
TAP 93253 4 6 0
TAP 93253 7 9 0
TAP 93253 1 3 0
TAP 93372 7 9 0
TAP 93372 1 3 0
TAP 93372 10 12 0
TAP 93491 4 6 0
TAP 93491 1 3 0
TAP 93491 7 9 0
TAP 93610 4 6 0
TAP 93610 1 3 0
TAP 93610 10 12 0
TAP 93730 1 3 0
TAP 93730 10 12 0
TAP 93730 4 6 0
TAP 93730 7 9 0
TAP 93849 4 6 0
TAP 93849 1 3 0
TAP 93849 7 9 0
TAP 93968 10 12 0
TAP 93968 4 6 0
TAP 93968 7 9 0
TAP 94087 7 9 0
TAP 94087 10 12 0
TAP 94087 1 3 0
TAP 94206 7 9 0
TAP 94206 1 3 0
TAP 94206 10 12 0
TAP 94206 4 6 0
TAP 94325 1 3 0
TAP 94325 4 6 0
TAP 94325 10 12 0
TAP 94444 7 9 0
TAP 94444 10 12 0
TAP 94444 4 6 0
TAP 94563 7 9 0
TAP 94563 1 3 0
TAP 94563 10 12 0
TAP 94682 4 6 0
TAP 94682 7 9 0
TAP 94682 1 3 0
TAP 94682 10 12 0
TAP 94801 4 6 0
TAP 94801 1 3 0
TAP 94801 7 9 0
TAP 94920 1 3 0
TAP 94920 4 6 0
TAP 94920 10 12 0
TAP 95039 4 6 0
TAP 95039 7 9 0
TAP 95039 10 12 0
TAP 95158 10 12 0
TAP 95158 4 6 0
TAP 95158 7 9 0
TAP 95158 1 3 0
TAP 95277 7 9 0
TAP 95277 10 12 0
TAP 95277 1 3 0
TAP 95396 10 12 0
TAP 95396 7 9 0
TAP 95396 1 3 0
TAP 95515 4 6 0
TAP 95515 1 3 0
TAP 95515 7 9 0
TAP 95634 1 3 0
TAP 95634 10 12 0
TAP 95634 4 6 0
TAP 95634 7 9 0
TAP 95753 4 6 0
TAP 95753 1 3 0
TAP 95753 7 9 0
TAP 95872 4 6 0
TAP 95872 7 9 0
TAP 95872 10 12 0
TAP 95991 7 9 0
TAP 95991 10 12 0
TAP 95991 1 3 0
TAP 96110 7 9 0
TAP 96110 1 3 0
TAP 96110 10 12 0
TAP 96110 4 6 0
TAP 96229 4 6 0
TAP 96229 1 3 0
TAP 96229 10 12 0
TAP 96348 1 3 0
TAP 96348 4 6 0
TAP 96348 7 9 0
TAP 96467 7 9 0
TAP 96467 10 12 0
TAP 96467 4 6 0
TAP 96586 4 6 0
TAP 96586 7 9 0
TAP 96586 1 3 0
TAP 96586 10 12 0
TAP 96705 7 9 0
TAP 96705 10 12 0
TAP 96705 4 6 0
TAP 96824 7 9 0
TAP 96824 1 3 0
TAP 96824 10 12 0
TAP 96824 4 6 0
TAP 96943 1 3 0
TAP 96943 4 6 0
TAP 96943 7 9 0
TAP 97062 10 12 0
TAP 97062 4 6 0
TAP 97062 7 9 0
TAP 97062 1 3 0
TAP 97181 7 9 0
TAP 97181 10 12 0
TAP 97181 1 3 0
TAP 97300 4 6 0
TAP 97300 10 12 0
TAP 97300 1 3 0
TAP 97300 7 9 0
TAP 97419 4 6 0
TAP 97419 1 3 0
TAP 97419 7 9 0
TAP 97538 1 3 0
TAP 97538 10 12 0
TAP 97538 4 6 0
TAP 97538 7 9 0
TAP 97657 4 6 0
TAP 97657 1 3 0
TAP 97657 10 12 0
TAP 97776 10 12 0
TAP 97776 4 6 0
TAP 97776 7 9 0
TAP 97776 1 3 0
TAP 97896 4 6 0
TAP 97896 1 3 0
TAP 97896 7 9 0
TAP 98015 7 9 0
TAP 98015 1 3 0
TAP 98015 10 12 0
TAP 98015 4 6 0
TAP 98134 7 9 0
TAP 98134 10 12 0
TAP 98134 4 6 0
TAP 98253 7 9 0
TAP 98253 10 12 0
TAP 98253 1 3 0
TAP 98372 7 9 0
TAP 98372 10 12 0
TAP 98372 1 3 0
TAP 98491 4 6 0
TAP 98491 7 9 0
TAP 98491 1 3 0
TAP 98491 10 12 0
TAP 98610 7 9 0
TAP 98610 10 12 0
TAP 98610 4 6 0
TAP 98729 7 9 0
TAP 98729 1 3 0
TAP 98729 10 12 0
TAP 98729 4 6 0
TAP 98848 7 9 0
TAP 98848 10 12 0
TAP 98848 1 3 0
TAP 98967 10 12 0
TAP 98967 4 6 0
TAP 98967 7 9 0
TAP 98967 1 3 0
TAP 99086 7 9 0
TAP 99086 10 12 0
TAP 99086 4 6 0
TAP 99205 1 3 0
TAP 99205 4 6 0
TAP 99205 7 9 0
TAP 99205 10 12 0
TAP 99324 7 9 0
TAP 99324 10 12 0
TAP 99324 1 3 0
TAP 99443 1 3 0
TAP 99443 4 6 0
TAP 99443 7 9 0
TAP 99443 10 12 0
TAP 99562 4 6 0
TAP 99562 7 9 0
TAP 99562 10 12 0
TAP 99681 1 3 0
TAP 99681 4 6 0
TAP 99681 10 12 0
TAP 99681 7 9 0
TAP 99800 1 3 0
TAP 99800 10 12 0
TAP 99800 4 6 0
TAP 99919 7 9 0
TAP 99919 10 12 0
TAP 99919 1 3 0
TAP 100038 7 9 0
TAP 100157 4 6 0
TAP 100157 1 3 0
TAP 100157 7 9 0
TAP 100276 4 6 0
TAP 100395 4 6 0
TAP 100395 1 3 0
TAP 100395 10 12 0
TAP 100514 10 12 0
TAP 100633 10 12 0
TAP 100633 7 9 0
TAP 100633 4 6 0
TAP 100752 7 9 0
TAP 100871 1 3 0
TAP 100871 4 6 0
TAP 100871 7 9 0
TAP 100990 1 3 0
TAP 101109 1 3 0
TAP 101109 4 6 0
TAP 101109 7 9 0
TAP 101228 7 9 0
TAP 101347 7 9 0
TAP 101347 10 12 0
TAP 101347 4 6 0
TAP 101466 10 12 0
TAP 101585 7 9 0
TAP 101585 10 12 0
TAP 101585 4 6 0
TAP 101704 7 9 0
TAP 101823 1 3 0
TAP 101823 4 6 0
TAP 101823 10 12 0
TAP 101942 1 3 0
TAP 102062 1 3 0
TAP 102062 4 6 0
TAP 102062 7 9 0
TAP 102181 7 9 0
TAP 102300 7 9 0
TAP 102300 10 12 0
TAP 102300 4 6 0
TAP 102419 10 12 0
TAP 102538 1 3 0
TAP 102538 4 6 0
TAP 102538 10 12 0
TAP 102657 4 6 0
TAP 102776 1 3 0
TAP 102776 4 6 0
TAP 102776 7 9 0
TAP 102895 7 9 0
TAP 103014 7 9 0
TAP 103014 10 12 0
TAP 103014 1 3 0
TAP 103133 1 3 0
TAP 103252 1 3 0
TAP 103252 4 6 0
TAP 103252 10 12 0
TAP 103371 4 6 0
TAP 103490 4 6 0
TAP 103490 7 9 0
TAP 103490 10 12 0
TAP 103609 7 9 0
TAP 103728 1 3 0
TAP 103728 4 6 0
TAP 103728 10 12 0
TAP 103847 1 3 0
TAP 103847 4 6 0
TAP 103847 7 9 0
TAP 103966 7 9 0
TAP 103966 4 6 0
TAP 103966 10 12 0
TAP 104085 1 3 0
TAP 104085 7 9 0
TAP 104085 10 12 0
TAP 104204 1 3 0
TAP 104204 4 6 0
TAP 104204 10 12 0
TAP 104323 1 3 0
TAP 104323 7 9 0
TAP 104323 4 6 0
TAP 104442 7 9 0
TAP 104442 10 12 0
TAP 104442 4 6 0
TAP 104561 7 9 0
TAP 104561 10 12 0
TAP 104561 1 3 0
TAP 104680 4 6 0
TAP 104680 1 3 0
TAP 104680 10 12 0
TAP 104799 1 3 0
TAP 104799 4 6 0
TAP 104799 7 9 0
TAP 104918 4 6 0
TAP 104918 7 9 0
TAP 104918 10 12 0
TAP 105037 10 12 0
TAP 105037 7 9 0
TAP 105037 1 3 0
TAP 105156 4 6 0
TAP 105156 7 9 0
TAP 105156 1 3 0
TAP 105275 4 6 0
TAP 105275 1 3 0
TAP 105275 10 12 0
TAP 105394 7 9 0
TAP 105394 4 6 0
TAP 105394 10 12 0
TAP 105513 7 9 0
TAP 105513 10 12 0
TAP 105513 1 3 0
TAP 105632 1 3 0
TAP 105632 4 6 0
TAP 105632 7 9 0
TAP 105751 4 6 0
TAP 105751 10 12 0
TAP 105751 1 3 0
TAP 105870 4 6 0
TAP 105870 7 9 0
TAP 105870 10 12 0
TAP 105989 7 9 0
TAP 105989 10 12 0
TAP 105989 1 3 0
TAP 106108 4 6 0
TAP 106108 1 3 0
TAP 106108 7 9 0
TAP 106228 1 3 0
TAP 106228 4 6 0
TAP 106228 10 12 0
TAP 106347 4 6 0
TAP 106347 7 9 0
TAP 106347 10 12 0
TAP 106466 7 9 0
TAP 106466 10 12 0
TAP 106466 1 3 0
TAP 106585 4 6 0
TAP 106585 1 3 0
TAP 106585 7 9 0
TAP 106704 4 6 0
TAP 106704 1 3 0
TAP 106704 10 12 0
TAP 106823 4 6 0
TAP 106823 7 9 0
TAP 106823 10 12 0
TAP 106942 7 9 0
TAP 106942 10 12 0
TAP 106942 1 3 0
TAP 107061 4 6 0
TAP 107061 1 3 0
TAP 107061 7 9 0
TAP 107180 1 3 0
TAP 107180 4 6 0
TAP 107180 10 12 0
TAP 107299 7 9 0
TAP 107299 10 12 0
TAP 107299 4 6 0
TAP 107418 1 3 0
TAP 107418 4 6 0
TAP 107418 7 9 0
TAP 107418 10 12 0
