TAP 2678 7 9 0
TAP 2678 10 12 0
TAP 2812 4 6 0
TAP 2812 1 3 0
TAP 3080 7 9 0
TAP 3080 10 12 0
TAP 3214 1 3 0
TAP 3214 4 6 0
TAP 3348 10 12 0
TAP 3482 4 6 0
TAP 3616 7 9 0
TAP 3616 10 12 0
TAP 3750 1 3 0
TAP 3883 7 9 0
TAP 4017 4 6 0
HOLD 4017 4 6 4821
TAP 4017 1 3 0
HOLD 4017 1 3 4821
TAP 4017 10 12 0
TAP 4017 7 9 0
TAP 4553 7 9 0
TAP 4553 10 12 0
TAP 4821 7 9 0
HOLD 4821 7 9 5625
TAP 4821 10 12 0
HOLD 4821 10 12 5625
TAP 5089 4 6 0
TAP 5089 1 3 0
TAP 5625 1 3 0
TAP 5625 4 6 0
TAP 6160 1 3 0
TAP 6160 4 6 0
TAP 6160 7 9 0
HOLD 6160 7 9 6964
TAP 6160 10 12 0
HOLD 6160 10 12 6964
TAP 6696 4 6 0
TAP 6696 1 3 0
TAP 6964 4 6 0
HOLD 6964 4 6 7500
TAP 6964 1 3 0
HOLD 6964 1 3 7500
TAP 7232 7 9 0
TAP 7232 10 12 0
TAP 7767 10 12 0
TAP 7901 7 9 0
TAP 7901 1 3 0
TAP 8035 4 6 0
TAP 8035 10 12 0
TAP 8169 7 9 0
TAP 8303 4 6 0
TAP 8303 1 3 0
TAP 8303 10 12 0
TAP 8772 4 6 0
TAP 8772 1 3 0
TAP 9040 4 6 0
HOLD 9040 4 6 9843
TAP 9040 1 3 0
HOLD 9040 1 3 9843
TAP 9308 7 9 0
TAP 9308 10 12 0
TAP 9843 10 12 0
TAP 9843 7 9 0
TAP 10379 7 9 0
TAP 10379 4 6 0
TAP 10647 10 12 0
TAP 10915 4 6 0
TAP 10915 1 3 0
TAP 11183 7 9 0
TAP 11183 10 12 0
TAP 11651 1 3 0
TAP 11785 4 6 0
TAP 11919 7 9 0
TAP 12053 10 12 0
TAP 12187 7 9 0
TAP 12321 4 6 0
TAP 12455 7 9 0
HOLD 12455 7 9 13258
TAP 12455 10 12 0
HOLD 12455 10 12 13258
TAP 12455 4 6 0
TAP 12455 1 3 0
TAP 12991 4 6 0
TAP 12991 1 3 0
TAP 13258 1 3 0
HOLD 13258 1 3 14062
TAP 13258 4 6 0
HOLD 13258 4 6 14062
TAP 13526 7 9 0
TAP 13526 10 12 0
TAP 14062 7 9 0
TAP 14062 10 12 0
TAP 14598 4 6 0
TAP 14598 1 3 0
TAP 14598 10 12 0
HOLD 14598 10 12 15401
TAP 14598 7 9 0
HOLD 14598 7 9 15401
TAP 15133 1 3 0
TAP 15133 4 6 0
TAP 15401 4 6 0
HOLD 15401 4 6 16205
TAP 15401 1 3 0
HOLD 15401 1 3 16205
TAP 15669 7 9 0
TAP 15669 10 12 0
TAP 16205 10 12 0
TAP 16339 7 9 0
TAP 16473 4 6 0
TAP 16607 1 3 0
TAP 16741 4 6 0
HOLD 16741 4 6 17544
TAP 16741 7 9 0
HOLD 16741 7 9 17544
TAP 16741 10 12 0
TAP 16741 1 3 0
TAP 17276 1 3 0
TAP 17276 10 12 0
TAP 17544 10 12 0
HOLD 17544 10 12 18348
TAP 17544 1 3 0
HOLD 17544 1 3 18348
TAP 17812 4 6 0
TAP 17812 7 9 0
TAP 18348 4 6 0
TAP 18348 7 9 0
TAP 18883 4 6 0
TAP 18883 10 12 0
TAP 19419 1 3 0
TAP 19419 4 6 0
TAP 19955 10 12 0
TAP 19955 4 6 0
TAP 20089 7 9 0
TAP 20223 1 3 0
TAP 20223 10 12 0
TAP 20357 7 9 0
TAP 20491 1 3 0
TAP 20625 4 6 0
TAP 20758 10 12 0
TAP 20892 1 3 0
TAP 20892 4 6 0
TAP 20892 7 9 0
TAP 21495 7 9 0
TAP 21495 10 12 0
TAP 21763 4 6 0
TAP 21763 1 3 0
TAP 22031 10 12 0
TAP 22031 7 9 0
TAP 22299 10 12 0
TAP 22299 1 3 0
TAP 22566 1 3 0
TAP 22566 10 12 0
TAP 22834 4 6 0
HOLD 22834 4 6 24441
TAP 22834 7 9 0
HOLD 22834 7 9 24441
TAP 23370 1 3 0
TAP 23370 10 12 0
TAP 23906 1 3 0
TAP 23906 10 12 0
TAP 24441 10 12 0
TAP 24441 1 3 0
TAP 24977 7 9 0
TAP 24977 4 6 0
TAP 25446 10 12 0
TAP 25446 7 9 0
TAP 25714 1 3 0
TAP 25714 7 9 0
TAP 25982 4 6 0
TAP 25982 7 9 0
TAP 26250 10 12 0
HOLD 26250 10 12 26785
TAP 26250 1 3 0
HOLD 26250 1 3 26785
TAP 27053 4 6 0
TAP 27053 7 9 0
TAP 27321 1 3 0
HOLD 27321 1 3 27857
TAP 27321 10 12 0
HOLD 27321 10 12 27857
TAP 27857 4 6 0
HOLD 27857 4 6 28125
TAP 27857 7 9 0
HOLD 27857 7 9 28125
TAP 28125 10 12 0
HOLD 28125 10 12 28928
TAP 28125 1 3 0
HOLD 28125 1 3 28928
TAP 28392 4 6 0
TAP 28392 7 9 0
TAP 28928 7 9 0
TAP 28928 4 6 0
TAP 29464 7 9 0
TAP 29464 4 6 0
TAP 29732 1 3 0
TAP 29732 10 12 0
TAP 30000 10 12 0
TAP 30000 4 6 0
TAP 30267 1 3 0
TAP 30267 10 12 0
TAP 30535 7 9 0
TAP 30803 10 12 0
TAP 30803 1 3 0
TAP 31071 4 6 0
TAP 31339 7 9 0
TAP 31339 4 6 0
TAP 31808 10 12 0
TAP 31808 1 3 0
TAP 32075 1 3 0
TAP 32075 4 6 0
TAP 32343 4 6 0
HOLD 32343 4 6 33147
TAP 32343 10 12 0
HOLD 32343 10 12 33147
TAP 32611 7 9 0
TAP 32611 1 3 0
TAP 33147 1 3 0
TAP 33147 7 9 0
TAP 33415 4 6 0
TAP 33549 1 3 0
TAP 33683 4 6 0
TAP 33950 7 9 0
TAP 33950 10 12 0
TAP 34218 1 3 0
TAP 34218 4 6 0
TAP 34486 7 9 0
TAP 34486 4 6 0
TAP 34754 1 3 0
TAP 34754 7 9 0
TAP 35022 10 12 0
TAP 35022 4 6 0
TAP 35290 1 3 0
TAP 35290 10 12 0
TAP 35758 4 6 0
TAP 35758 1 3 0
TAP 36026 4 6 0
TAP 36026 1 3 0
TAP 36294 7 9 0
TAP 36294 10 12 0
TAP 36562 10 12 0
TAP 36562 7 9 0
TAP 36830 1 3 0
TAP 36830 10 12 0
TAP 36830 4 6 0
HOLD 36830 4 6 37365
TAP 36830 7 9 0
HOLD 36830 7 9 37365
TAP 37366 10 12 0
TAP 37366 1 3 0
TAP 37901 7 9 0
HOLD 37901 7 9 38972
TAP 37901 10 12 0
HOLD 37901 10 12 38972
TAP 37901 4 6 0
TAP 37901 1 3 0
TAP 38437 1 3 0
TAP 38437 4 6 0
TAP 38973 4 6 0
TAP 38973 1 3 0
TAP 39241 7 9 0
TAP 39241 10 12 0
TAP 39508 4 6 0
TAP 39508 7 9 0
TAP 39776 4 6 0
TAP 39776 7 9 0
TAP 40044 1 3 0
TAP 40044 10 12 0
TAP 40312 4 6 0
TAP 40312 10 12 0
TAP 40580 1 3 0
TAP 40580 4 6 0
TAP 40848 10 12 0
TAP 40848 7 9 0
TAP 41116 4 6 0
HOLD 41116 4 6 41584
TAP 41116 1 3 0
HOLD 41116 1 3 41584
TAP 41584 10 12 0
HOLD 41584 10 12 42119
TAP 41584 7 9 0
HOLD 41584 7 9 42119
TAP 42120 4 6 0
TAP 42120 1 3 0
TAP 42388 7 9 0
TAP 42388 10 12 0
TAP 42656 4 6 0
TAP 42656 7 9 0
TAP 42924 1 3 0
TAP 42924 4 6 0
TAP 43191 7 9 0
TAP 43191 1 3 0
TAP 43459 1 3 0
TAP 43459 4 6 0
TAP 43727 4 6 0
TAP 43727 10 12 0
TAP 43995 4 6 0
HOLD 43995 4 6 44263
TAP 43995 7 9 0
HOLD 43995 7 9 44263
TAP 44531 10 12 0
TAP 44531 1 3 0
TAP 44799 4 6 0
TAP 44799 10 12 0
TAP 45066 7 9 0
TAP 45066 4 6 0
HOLD 45066 4 6 45602
TAP 45066 1 3 0
HOLD 45066 1 3 45602
TAP 45200 10 12 0
TAP 45468 10 12 0
TAP 45602 7 9 0
TAP 45870 7 9 0
TAP 45870 10 12 0
TAP 46004 4 6 0
TAP 46004 1 3 0
TAP 46138 7 9 0
TAP 46138 10 12 0
TAP 46272 4 6 0
TAP 46272 1 3 0
TAP 46406 7 9 0
TAP 46406 10 12 0
TAP 46741 4 6 0
TAP 46741 7 9 0
TAP 47142 7 9 0
HOLD 47142 7 9 47678
TAP 47142 10 12 0
HOLD 47142 10 12 47678
TAP 47410 4 6 0
TAP 47410 1 3 0
TAP 47678 4 6 0
TAP 47678 1 3 0
TAP 47946 7 9 0
TAP 47946 10 12 0
TAP 48080 1 3 0
TAP 48080 4 6 0
TAP 48214 7 9 0
TAP 48214 10 12 0
TAP 48348 4 6 0
TAP 48348 1 3 0
TAP 48482 7 9 0
TAP 48482 10 12 0
TAP 48883 1 3 0
TAP 48883 4 6 0
TAP 49285 4 6 0
HOLD 49285 4 6 49821
TAP 49285 1 3 0
HOLD 49285 1 3 49821
TAP 49553 7 9 0
TAP 49553 10 12 0
TAP 49821 10 12 0
TAP 49821 7 9 0
TAP 50089 1 3 0
TAP 50089 4 6 0
TAP 50223 7 9 0
TAP 50223 10 12 0
TAP 50357 4 6 0
TAP 50357 1 3 0
TAP 50491 7 9 0
TAP 50491 10 12 0
TAP 50625 4 6 0
HOLD 50625 4 6 51160
TAP 50625 1 3 0
HOLD 50625 1 3 51160
TAP 51160 7 9 0
HOLD 51160 7 9 51428
TAP 51160 10 12 0
HOLD 51160 10 12 51428
TAP 51428 4 6 0
HOLD 51428 4 6 51964
TAP 51428 1 3 0
HOLD 51428 1 3 51964
TAP 51964 10 12 0
HOLD 51964 10 12 52232
TAP 51964 7 9 0
HOLD 51964 7 9 52232
TAP 52500 1 3 0
TAP 52500 7 9 0
TAP 52767 4 6 0
TAP 52767 10 12 0
TAP 53236 4 6 0
HOLD 53236 4 6 53705
TAP 53236 1 3 0
HOLD 53236 1 3 53705
TAP 53705 10 12 0
TAP 53973 7 9 0
TAP 54308 7 9 0
TAP 54308 10 12 0
TAP 54441 1 3 0
TAP 54441 4 6 0
TAP 54575 10 12 0
TAP 54575 7 9 0
TAP 54709 1 3 0
TAP 54709 4 6 0
TAP 54843 7 9 0
TAP 54843 10 12 0
TAP 55245 7 9 0
TAP 55245 10 12 0
TAP 55580 7 9 0
HOLD 55580 7 9 56116
TAP 55580 10 12 0
HOLD 55580 10 12 56116
TAP 55848 4 6 0
TAP 55848 1 3 0
TAP 56116 1 3 0
TAP 56116 4 6 0
TAP 56450 4 6 0
TAP 56450 1 3 0
TAP 56584 10 12 0
TAP 56584 7 9 0
TAP 56718 1 3 0
TAP 56718 4 6 0
TAP 56852 10 12 0
TAP 56852 7 9 0
TAP 56986 4 6 0
TAP 56986 1 3 0
TAP 57455 1 3 0
TAP 57455 4 6 0
TAP 57723 4 6 0
HOLD 57723 4 6 58258
TAP 57723 1 3 0
HOLD 57723 1 3 58258
TAP 57991 7 9 0
TAP 57991 10 12 0
TAP 58258 7 9 0
TAP 58258 10 12 0
TAP 58526 10 12 0
TAP 58526 7 9 0
TAP 58660 1 3 0
TAP 58660 4 6 0
TAP 58794 7 9 0
TAP 58794 10 12 0
TAP 58928 1 3 0
TAP 58928 4 6 0
TAP 59062 7 9 0
HOLD 59062 7 9 59598
TAP 59062 10 12 0
HOLD 59062 10 12 59598
TAP 59598 4 6 0
HOLD 59598 4 6 59866
TAP 59598 1 3 0
HOLD 59598 1 3 59866
TAP 59866 7 9 0
HOLD 59866 7 9 60535
TAP 59866 10 12 0
HOLD 59866 10 12 60535
TAP 60937 1 3 0
TAP 60937 4 6 0
TAP 61205 4 6 0
TAP 61205 7 9 0
TAP 61741 7 9 0
HOLD 61741 7 9 62142
TAP 61741 4 6 0
HOLD 61741 4 6 62142
TAP 62276 10 12 0
TAP 62276 7 9 0
TAP 62410 7 9 0
TAP 62410 10 12 0
TAP 62544 1 3 0
TAP 62544 4 6 0
TAP 62678 4 6 0
TAP 62678 1 3 0
TAP 62812 10 12 0
TAP 62812 7 9 0
TAP 62946 7 9 0
TAP 62946 10 12 0
TAP 63080 1 3 0
TAP 63080 4 6 0
TAP 63214 4 6 0
TAP 63214 1 3 0
TAP 63616 7 9 0
TAP 63616 10 12 0
TAP 63883 1 3 0
TAP 63883 4 6 0
TAP 64151 4 6 0
TAP 64151 10 12 0
TAP 64419 4 6 0
TAP 64419 10 12 0
TAP 64687 7 9 0
TAP 64687 4 6 0
TAP 65156 4 6 0
TAP 65290 1 3 0
TAP 65424 4 6 0
TAP 65691 4 6 0
TAP 65691 10 12 0
TAP 65959 1 3 0
TAP 65959 4 6 0
TAP 66227 7 9 0
HOLD 66227 7 9 67566
TAP 66227 10 12 0
HOLD 66227 10 12 67566
TAP 66495 1 3 0
TAP 66495 4 6 0
TAP 67031 1 3 0
TAP 67031 4 6 0
TAP 67566 4 6 0
TAP 67566 1 3 0
TAP 67834 7 9 0
TAP 67834 4 6 0
TAP 68102 7 9 0
TAP 68102 1 3 0
TAP 68370 4 6 0
TAP 68370 10 12 0
TAP 68638 4 6 0
TAP 68638 7 9 0
TAP 68906 1 3 0
TAP 68906 4 6 0
TAP 69174 7 9 0
HOLD 69174 7 9 69508
TAP 69174 10 12 0
HOLD 69174 10 12 69508
TAP 69910 1 3 0
TAP 69910 4 6 0
TAP 70178 4 6 0
TAP 70178 7 9 0
TAP 70446 10 12 0
HOLD 70446 10 12 70713
TAP 70446 7 9 0
HOLD 70446 7 9 70713
TAP 70982 4 6 0
TAP 70982 7 9 0
TAP 71250 1 3 0
TAP 71250 4 6 0
TAP 71517 1 3 0
HOLD 71517 1 3 71785
TAP 71517 4 6 0
HOLD 71517 4 6 71785
TAP 72053 4 6 0
TAP 72053 10 12 0
TAP 72321 1 3 0
TAP 72321 7 9 0
TAP 72589 4 6 0
TAP 72589 10 12 0
TAP 72857 7 9 0
TAP 72857 1 3 0
TAP 73125 4 6 0
TAP 73125 10 12 0
TAP 73392 7 9 0
TAP 73392 1 3 0
TAP 73660 4 6 0
TAP 73660 10 12 0
TAP 74196 7 9 0
TAP 74196 10 12 0
TAP 74464 1 3 0
TAP 74464 4 6 0
TAP 74732 4 6 0
HOLD 74732 4 6 75736
TAP 74732 7 9 0
HOLD 74732 7 9 75736
TAP 75000 1 3 0
TAP 75000 10 12 0
TAP 75535 1 3 0
TAP 75535 10 12 0
TAP 75736 1 3 0
TAP 75870 10 12 0
TAP 76004 1 3 0
TAP 76272 7 9 0
TAP 76272 10 12 0
TAP 76540 4 6 0
TAP 76540 1 3 0
TAP 76808 7 9 0
TAP 76808 10 12 0
TAP 77075 4 6 0
TAP 77075 1 3 0
TAP 77343 7 9 0
TAP 77343 10 12 0
TAP 77611 4 6 0
TAP 77611 1 3 0
TAP 77879 7 9 0
TAP 78147 10 12 0
TAP 78415 4 6 0
TAP 78415 1 3 0
TAP 78683 7 9 0
TAP 78683 10 12 0
TAP 78950 4 6 0
HOLD 78950 4 6 79419
TAP 78950 1 3 0
HOLD 78950 1 3 79419
TAP 78950 7 9 0
TAP 79084 10 12 0
TAP 79218 7 9 0
TAP 79419 7 9 0
HOLD 79419 7 9 79821
TAP 79419 10 12 0
HOLD 79419 10 12 79821
TAP 79553 4 6 0
TAP 79687 1 3 0
TAP 79821 4 6 0
TAP 79955 1 3 0
TAP 80089 4 6 0
TAP 80290 7 9 0
HOLD 80290 7 9 81294
TAP 80290 10 12 0
HOLD 80290 10 12 81294
TAP 80758 4 6 0
TAP 80758 1 3 0
TAP 81294 1 3 0
TAP 81294 4 6 0
TAP 81562 7 9 0
TAP 81562 10 12 0
TAP 81830 4 6 0
TAP 81830 7 9 0
TAP 82098 4 6 0
TAP 82098 1 3 0
TAP 82633 1 3 0
TAP 82633 4 6 0
TAP 82901 4 6 0
TAP 82901 10 12 0
TAP 83169 1 3 0
TAP 83169 4 6 0
TAP 83437 10 12 0
TAP 83437 4 6 0
HOLD 83437 4 6 83973
TAP 83437 1 3 0
HOLD 83437 1 3 83973
TAP 83973 7 9 0
HOLD 83973 7 9 84642
TAP 83973 10 12 0
HOLD 83973 10 12 84642
TAP 84241 4 6 0
TAP 84375 1 3 0
TAP 84508 4 6 0
TAP 84776 1 3 0
TAP 84910 4 6 0
TAP 85044 7 9 0
TAP 85178 4 6 0
TAP 85312 7 9 0
TAP 85312 10 12 0
TAP 85580 1 3 0
TAP 85580 7 9 0
TAP 85848 1 3 0
TAP 85848 7 9 0
TAP 86116 4 6 0
TAP 86116 10 12 0
TAP 86383 10 12 0
TAP 86383 4 6 0
TAP 86904 4 6 0
TAP 86904 7 9 0
TAP 87142 4 6 0
TAP 87142 7 9 0
TAP 87380 4 6 0
TAP 87380 7 9 0
TAP 87656 1 3 0
TAP 87656 10 12 0
TAP 87924 1 3 0
TAP 87924 10 12 0
TAP 88191 4 6 0
TAP 88191 1 3 0
TAP 88325 4 6 0
TAP 88325 1 3 0
TAP 88459 7 9 0
TAP 88459 10 12 0
TAP 88593 7 9 0
TAP 88593 10 12 0
TAP 88727 7 9 0
TAP 88727 10 12 0
TAP 89129 7 9 0
HOLD 89129 7 9 89531
TAP 89129 10 12 0
HOLD 89129 10 12 89531
TAP 89531 4 6 0
HOLD 89531 4 6 90066
TAP 89531 1 3 0
HOLD 89531 1 3 90066
TAP 89799 7 9 0
TAP 89799 10 12 0
TAP 90066 10 12 0
TAP 90066 7 9 0
TAP 90334 7 9 0
TAP 90334 10 12 0
TAP 90468 10 12 0
TAP 90468 7 9 0
TAP 90602 1 3 0
TAP 90602 4 6 0
TAP 90736 1 3 0
TAP 90736 4 6 0
TAP 90870 1 3 0
TAP 90870 4 6 0
TAP 91272 4 6 0
HOLD 91272 4 6 91674
TAP 91272 1 3 0
HOLD 91272 1 3 91674
TAP 91674 7 9 0
HOLD 91674 7 9 92209
TAP 91674 10 12 0
HOLD 91674 10 12 92209
TAP 91941 4 6 0
TAP 91941 1 3 0
TAP 92209 1 3 0
TAP 92209 4 6 0
TAP 92410 1 3 0
TAP 92410 4 6 0
TAP 92544 1 3 0
TAP 92544 4 6 0
TAP 92678 7 9 0
TAP 92678 10 12 0
TAP 92812 7 9 0
TAP 92812 10 12 0
TAP 92946 4 6 0
HOLD 92946 4 6 93482
TAP 92946 1 3 0
HOLD 92946 1 3 93482
TAP 93482 10 12 0
HOLD 93482 10 12 93750
TAP 93482 7 9 0
HOLD 93482 7 9 93750
TAP 93750 4 6 0
HOLD 93750 4 6 94285
TAP 93750 1 3 0
HOLD 93750 1 3 94285
TAP 94285 7 9 0
TAP 94285 10 12 0
TAP 94821 10 12 0
TAP 94821 4 6 0
TAP 95089 1 3 0
TAP 95089 7 9 0
TAP 95625 4 6 0
HOLD 95625 4 6 96160
TAP 95625 7 9 0
HOLD 95625 7 9 96160
TAP 96160 10 12 0
TAP 96160 1 3 0
TAP 96428 10 12 0
TAP 96428 1 3 0
TAP 96696 10 12 0
TAP 96696 7 9 0
TAP 96830 1 3 0
TAP 96830 4 6 0
TAP 96964 7 9 0
TAP 96964 10 12 0
TAP 97098 1 3 0
TAP 97098 4 6 0
TAP 97232 7 9 0
TAP 97232 10 12 0
TAP 97633 7 9 0
HOLD 97633 7 9 98035
TAP 97633 10 12 0
HOLD 97633 10 12 98035
TAP 98035 4 6 0
HOLD 98035 4 6 98571
TAP 98035 1 3 0
HOLD 98035 1 3 98571
TAP 98303 7 9 0
TAP 98303 10 12 0
TAP 98571 10 12 0
TAP 98571 7 9 0
TAP 98772 4 6 0
TAP 98772 1 3 0
TAP 98906 7 9 0
TAP 98906 10 12 0
TAP 99040 4 6 0
TAP 99040 1 3 0
TAP 99174 7 9 0
TAP 99174 10 12 0
TAP 99308 4 6 0
TAP 99308 1 3 0
TAP 99843 4 6 0
HOLD 99843 4 6 100111
TAP 99843 1 3 0
HOLD 99843 1 3 100111
TAP 100111 7 9 0
HOLD 100111 7 9 100647
TAP 100111 10 12 0
HOLD 100111 10 12 100647
TAP 100379 4 6 0
TAP 100379 1 3 0
TAP 100647 1 3 0
TAP 100647 4 6 0
TAP 100915 10 12 0
TAP 100915 7 9 0
TAP 101049 1 3 0
TAP 101049 4 6 0
TAP 101183 10 12 0
TAP 101183 7 9 0
TAP 101316 4 6 0
TAP 101316 1 3 0
TAP 101450 10 12 0
TAP 101450 7 9 0
TAP 101986 4 6 0
HOLD 101986 4 6 102254
TAP 101986 1 3 0
HOLD 101986 1 3 102254
TAP 102254 7 9 0
HOLD 102254 7 9 103058
TAP 102254 10 12 0
HOLD 102254 10 12 103058
TAP 102522 1 3 0
TAP 102522 4 6 0
TAP 103058 1 3 0
TAP 103058 4 6 0
TAP 103325 4 6 0
TAP 103325 1 3 0
TAP 103593 4 6 0
HOLD 103593 4 6 104062
TAP 103593 1 3 0
HOLD 103593 1 3 104062
TAP 104062 7 9 0
HOLD 104062 7 9 104598
TAP 104062 10 12 0
HOLD 104062 10 12 104598
TAP 104598 1 3 0
TAP 104732 4 6 0
TAP 104866 7 9 0
TAP 105000 10 12 0
TAP 105133 1 3 0
TAP 105133 4 6 0
TAP 105267 4 6 0
TAP 105267 1 3 0
TAP 105401 10 12 0
TAP 105401 7 9 0
TAP 105535 10 12 0
TAP 105535 7 9 0
TAP 105669 7 9 0
TAP 105669 10 12 0
TAP 106071 10 12 0
HOLD 106071 10 12 106473
TAP 106071 7 9 0
HOLD 106071 7 9 106473
TAP 106473 4 6 0
HOLD 106473 4 6 107008
TAP 106473 1 3 0
HOLD 106473 1 3 107008
TAP 106741 7 9 0
TAP 106741 10 12 0
TAP 107008 10 12 0
TAP 107008 7 9 0
TAP 107276 7 9 0
TAP 107276 10 12 0
TAP 107410 10 12 0
TAP 107410 7 9 0
TAP 107544 1 3 0
TAP 107544 4 6 0
TAP 107678 1 3 0
TAP 107678 4 6 0
TAP 107812 4 6 0
TAP 107812 1 3 0
TAP 108214 1 3 0
HOLD 108214 1 3 108616
TAP 108214 4 6 0
HOLD 108214 4 6 108616
TAP 108616 7 9 0
HOLD 108616 7 9 109151
TAP 108616 10 12 0
HOLD 108616 10 12 109151
TAP 108883 4 6 0
TAP 108883 1 3 0
TAP 109151 4 6 0
TAP 109151 1 3 0
TAP 109352 4 6 0
TAP 109352 1 3 0
TAP 109486 4 6 0
TAP 109486 1 3 0
TAP 109620 7 9 0
TAP 109620 10 12 0
TAP 109754 7 9 0
TAP 109754 10 12 0
TAP 109888 4 6 0
HOLD 109888 4 6 110424
TAP 109888 1 3 0
HOLD 109888 1 3 110424
TAP 110424 7 9 0
HOLD 110424 7 9 110691
TAP 110424 10 12 0
HOLD 110424 10 12 110691
TAP 110691 4 6 0
HOLD 110691 4 6 111227
TAP 110691 1 3 0
HOLD 110691 1 3 111227
TAP 111227 7 9 0
TAP 111227 10 12 0
TAP 111763 10 12 0
TAP 111763 4 6 0
TAP 112031 1 3 0
TAP 112031 7 9 0
TAP 112566 7 9 0
HOLD 112566 7 9 112968
TAP 112566 4 6 0
HOLD 112566 4 6 112968
TAP 113102 7 9 0
TAP 113236 4 6 0
TAP 113370 1 3 0
TAP 113504 4 6 0
TAP 113638 7 9 0
TAP 113638 10 12 0
TAP 113772 1 3 0
TAP 113772 4 6 0
TAP 113906 10 12 0
TAP 113906 7 9 0
TAP 114040 1 3 0
TAP 114040 4 6 0
TAP 114174 10 12 0
TAP 114174 7 9 0
TAP 114508 7 9 0
HOLD 114508 7 9 114910
TAP 114508 10 12 0
HOLD 114508 10 12 114910
TAP 114910 4 6 0
HOLD 114910 4 6 115446
TAP 114910 1 3 0
HOLD 114910 1 3 115446
TAP 115178 7 9 0
TAP 115178 10 12 0
TAP 115446 10 12 0
TAP 115446 7 9 0
TAP 115714 1 3 0
TAP 115714 4 6 0
TAP 115848 7 9 0
TAP 115848 10 12 0
TAP 115982 4 6 0
TAP 115982 1 3 0
TAP 116116 10 12 0
TAP 116116 7 9 0
TAP 116250 1 3 0
TAP 116250 4 6 0
TAP 116785 1 3 0
HOLD 116785 1 3 117053
TAP 116785 4 6 0
HOLD 116785 4 6 117053
TAP 117053 7 9 0
HOLD 117053 7 9 117589
TAP 117053 10 12 0
HOLD 117053 10 12 117589
TAP 117321 4 6 0
TAP 117321 1 3 0
TAP 117589 1 3 0
TAP 117589 4 6 0
TAP 117857 7 9 0
TAP 117857 10 12 0
TAP 117991 1 3 0
TAP 117991 4 6 0
TAP 118125 10 12 0
TAP 118125 7 9 0
TAP 118258 4 6 0
TAP 118258 1 3 0
TAP 118392 7 9 0
TAP 118392 10 12 0
TAP 118928 1 3 0
HOLD 118928 1 3 119196
TAP 118928 4 6 0
HOLD 118928 4 6 119196
TAP 119196 10 12 0
HOLD 119196 10 12 120000
TAP 119196 7 9 0
HOLD 119196 7 9 120000
TAP 119464 4 6 0
TAP 119464 1 3 0
TAP 120000 1 3 0
TAP 120000 4 6 0
TAP 120267 4 6 0
TAP 120267 1 3 0
TAP 120535 1 3 0
HOLD 120535 1 3 121071
TAP 120535 4 6 0
HOLD 120535 4 6 121071
TAP 121071 7 9 0
HOLD 121071 7 9 121540
TAP 121071 10 12 0
HOLD 121071 10 12 121540
TAP 121540 4 6 0
TAP 121540 1 3 0
TAP 121674 4 6 0
TAP 121674 1 3 0
TAP 121808 7 9 0
TAP 121808 10 12 0
TAP 121941 7 9 0
TAP 121941 10 12 0
TAP 122075 4 6 0
TAP 122075 1 3 0
TAP 122209 4 6 0
TAP 122209 1 3 0
TAP 122343 7 9 0
TAP 122343 10 12 0
TAP 122477 7 9 0
TAP 122477 10 12 0
TAP 122477 1 3 0
HOLD 122477 1 3 123950
TAP 122879 4 6 0
TAP 123013 7 9 0
TAP 123147 10 12 0
TAP 123281 7 9 0
TAP 123415 4 6 0
TAP 123683 7 9 0
TAP 123683 10 12 0
TAP 123950 10 12 0
TAP 123950 7 9 0
TAP 124218 10 12 0
TAP 124218 7 9 0
TAP 124687 4 6 0
TAP 124687 7 9 0
TAP 125089 4 6 0
TAP 125089 7 9 0
TAP 125491 7 9 0
TAP 125491 4 6 0
TAP 126026 10 12 0
TAP 126160 7 9 0
TAP 126294 10 12 0
TAP 126428 7 9 0
TAP 126562 10 12 0
TAP 126830 10 12 0
HOLD 126830 10 12 128973
TAP 126830 7 9 0
TAP 126830 4 6 0
TAP 127366 7 9 0
TAP 127366 4 6 0
TAP 127901 7 9 0
TAP 127901 4 6 0
TAP 128437 7 9 0
TAP 128437 4 6 0
TAP 128973 7 9 0
TAP 128973 4 6 0
TAP 129375 4 6 0
TAP 129375 7 9 0
TAP 129776 7 9 0
TAP 129776 4 6 0
TAP 130312 4 6 0
TAP 130446 1 3 0
TAP 130580 4 6 0
TAP 130714 1 3 0
TAP 130848 4 6 0
TAP 131116 4 6 0
TAP 131116 1 3 0
HOLD 131116 1 3 133191
TAP 131316 7 9 0
TAP 131450 10 12 0
TAP 131584 7 9 0
TAP 131718 10 12 0
TAP 131852 7 9 0
TAP 132120 7 9 0
TAP 132254 4 6 0
TAP 132388 7 9 0
TAP 132522 4 6 0
TAP 132656 7 9 0
TAP 133191 4 6 0
TAP 133191 7 9 0
TAP 133593 4 6 0
TAP 133593 7 9 0
TAP 133995 4 6 0
TAP 133995 7 9 0
TAP 134464 10 12 0
TAP 134598 7 9 0
TAP 134732 4 6 0
TAP 134866 1 3 0
TAP 135000 4 6 0
TAP 135267 10 12 0
HOLD 135267 10 12 137410
TAP 135267 7 9 0
TAP 135535 1 3 0
TAP 135669 4 6 0
TAP 135803 1 3 0
TAP 135937 4 6 0
TAP 136071 1 3 0
TAP 136339 7 9 0
TAP 136473 4 6 0
TAP 136607 7 9 0
TAP 136741 4 6 0
TAP 136875 7 9 0
TAP 137410 4 6 0
TAP 137410 7 9 0
TAP 137812 4 6 0
TAP 137812 7 9 0
TAP 138214 4 6 0
TAP 138214 7 9 0
TAP 138348 10 12 0
TAP 138348 1 3 0
TAP 138482 7 9 0
TAP 138616 4 6 0
TAP 138750 1 3 0
TAP 138883 4 6 0
TAP 139017 7 9 0
TAP 139151 10 12 0
TAP 139151 1 3 0
TAP 139285 7 9 0
TAP 139285 4 6 0
TAP 139821 10 12 0
TAP 140089 4 6 0
TAP 140089 7 9 0
TAP 140357 1 3 0
TAP 140625 4 6 0
TAP 140625 7 9 0
TAP 140892 10 12 0
TAP 141160 1 3 0
TAP 141160 4 6 0
TAP 141629 4 6 0
TAP 141629 1 3 0
TAP 141897 7 9 0
HOLD 141897 7 9 142165
TAP 141897 10 12 0
HOLD 141897 10 12 142165
TAP 142165 4 6 0
HOLD 142165 4 6 142433
TAP 142165 1 3 0
HOLD 142165 1 3 142433
TAP 142433 7 9 0
HOLD 142433 7 9 142700
TAP 142433 10 12 0
HOLD 142433 10 12 142700
TAP 142700 4 6 0
TAP 142700 1 3 0
TAP 143236 4 6 0
TAP 143236 1 3 0
TAP 143772 4 6 0
TAP 143772 1 3 0
TAP 144040 7 9 0
TAP 144040 10 12 0
TAP 144308 4 6 0
TAP 144308 1 3 0
TAP 144575 10 12 0
TAP 144575 7 9 0
TAP 144843 1 3 0
TAP 144843 4 6 0
TAP 145111 7 9 0
TAP 145111 10 12 0
TAP 145379 4 6 0
TAP 145379 1 3 0
TAP 145915 4 6 0
TAP 145915 1 3 0
TAP 146183 1 3 0
TAP 146183 7 9 0
TAP 146450 4 6 0
TAP 146450 10 12 0
TAP 146718 1 3 0
HOLD 146718 1 3 146919
TAP 146718 7 9 0
HOLD 146718 7 9 146919
TAP 147187 10 12 0
TAP 147187 4 6 0
TAP 147455 1 3 0
TAP 147455 7 9 0
TAP 147723 4 6 0
HOLD 147723 4 6 147991
TAP 147723 10 12 0
HOLD 147723 10 12 147991
TAP 148258 10 12 0
TAP 148258 7 9 0
TAP 148526 1 3 0
TAP 148526 7 9 0
TAP 148794 7 9 0
TAP 148794 4 6 0
TAP 149062 1 3 0
TAP 149062 7 9 0
TAP 149330 7 9 0
TAP 149330 10 12 0
TAP 149598 4 6 0
TAP 149598 1 3 0
TAP 149866 4 6 0
TAP 149866 10 12 0
TAP 150401 10 12 0
HOLD 150401 10 12 150669
TAP 150401 4 6 0
HOLD 150401 4 6 150669
TAP 150669 7 9 0
HOLD 150669 7 9 150937
TAP 150669 1 3 0
HOLD 150669 1 3 150937
TAP 150937 4 6 0
HOLD 150937 4 6 152276
TAP 150937 10 12 0
HOLD 150937 10 12 152276
TAP 151205 7 9 0
TAP 151205 1 3 0
TAP 151741 7 9 0
TAP 151741 1 3 0
TAP 152276 1 3 0
TAP 152276 7 9 0
TAP 152544 7 9 0
TAP 152544 1 3 0
TAP 152812 1 3 0
TAP 152812 4 6 0
TAP 153080 4 6 0
TAP 153080 7 9 0
TAP 153348 10 12 0
TAP 153348 1 3 0
TAP 153616 4 6 0
TAP 153616 10 12 0
TAP 153883 7 9 0
TAP 153883 10 12 0
TAP 154620 10 12 0
TAP 154620 4 6 0
TAP 154888 7 9 0
TAP 154888 1 3 0
TAP 155156 4 6 0
HOLD 155156 4 6 155691
TAP 155156 10 12 0
HOLD 155156 10 12 155691
TAP 155691 7 9 0
HOLD 155691 7 9 155959
TAP 155691 1 3 0
HOLD 155691 1 3 155959
TAP 156488 7 9 0
HOLD 156488 7 9 157797
TAP 156488 10 12 0
HOLD 156488 10 12 157797
TAP 157023 4 6 0
TAP 157023 1 3 0
TAP 157559 4 6 0
TAP 157559 1 3 0
TAP 157797 4 6 0
TAP 157797 1 3 0
TAP 158095 4 6 0
TAP 158333 1 3 0
TAP 158333 7 9 0
TAP 158571 4 6 0
TAP 158869 1 3 0
TAP 158869 4 6 0
TAP 159107 7 9 0
TAP 159107 10 12 0
TAP 159345 4 6 0
TAP 159345 1 3 0
TAP 159642 4 6 0
HOLD 159642 4 6 160178
TAP 159642 7 9 0
HOLD 159642 7 9 160178
TAP 160178 10 12 0
HOLD 160178 10 12 160714
TAP 160178 1 3 0
HOLD 160178 1 3 160714
TAP 160714 4 6 0
TAP 160714 7 9 0
TAP 160982 1 3 0
TAP 161250 7 9 0
TAP 161250 10 12 0
TAP 161517 1 3 0
TAP 161785 7 9 0
TAP 161785 10 12 0
TAP 162053 4 6 0
TAP 162053 7 9 0
TAP 162321 1 3 0
TAP 162321 4 6 0
TAP 162589 7 9 0
TAP 162589 10 12 0
TAP 163058 7 9 0
TAP 163058 4 6 0
TAP 163325 4 6 0
TAP 163325 1 3 0
TAP 163593 4 6 0
TAP 163593 10 12 0
HOLD 163593 10 12 164129
TAP 163593 1 3 0
HOLD 163593 1 3 164129
TAP 163727 7 9 0
TAP 163995 4 6 0
TAP 164129 7 9 0
TAP 164397 1 3 0
HOLD 164397 1 3 164531
TAP 164397 4 6 0
TAP 164531 4 6 0
HOLD 164531 4 6 164665
TAP 164531 7 9 0
TAP 164665 7 9 0
HOLD 164665 7 9 164799
TAP 164799 4 6 0
TAP 164799 10 12 0
HOLD 164799 10 12 164933
TAP 164933 7 9 0
HOLD 164933 7 9 165334
TAP 164933 4 6 0
TAP 165334 4 6 0
HOLD 165334 4 6 165736
TAP 165334 10 12 0
TAP 165736 1 3 0
HOLD 165736 1 3 166272
TAP 165736 7 9 0
TAP 165736 10 12 0
TAP 166004 7 9 0
TAP 166004 10 12 0
TAP 166272 10 12 0
TAP 166272 7 9 0
TAP 166540 7 9 0
TAP 166540 10 12 0
HOLD 166540 10 12 166674
TAP 166674 7 9 0
HOLD 166674 7 9 166808
TAP 166674 4 6 0
TAP 166808 4 6 0
HOLD 166808 4 6 166941
TAP 166941 7 9 0
TAP 166941 1 3 0
HOLD 166941 1 3 167075
TAP 167075 4 6 0
HOLD 167075 4 6 167477
TAP 167075 7 9 0
TAP 167477 7 9 0
HOLD 167477 7 9 167879
TAP 167879 4 6 0
TAP 167879 1 3 0
TAP 167879 10 12 0
HOLD 167879 10 12 168415
TAP 168147 4 6 0
TAP 168147 1 3 0
TAP 168415 4 6 0
TAP 168415 1 3 0
TAP 168683 10 12 0
HOLD 168683 10 12 168816
TAP 168683 7 9 0
TAP 168816 4 6 0
TAP 168816 1 3 0
HOLD 168816 1 3 168950
TAP 168950 7 9 0
TAP 168950 10 12 0
HOLD 168950 10 12 169084
TAP 169084 1 3 0
HOLD 169084 1 3 169218
TAP 169084 4 6 0
TAP 169218 7 9 0
TAP 169218 10 12 0
HOLD 169218 10 12 169754
TAP 169754 7 9 0
TAP 169754 4 6 0
HOLD 169754 4 6 170022
TAP 170022 7 9 0
HOLD 170022 7 9 170491
TAP 170022 10 12 0
TAP 170491 10 12 0
HOLD 170491 10 12 171026
TAP 170491 4 6 0
TAP 171026 7 9 0
HOLD 171026 7 9 171294
TAP 171026 1 3 0
TAP 171294 4 6 0
HOLD 171294 4 6 171830
TAP 171294 10 12 0
TAP 171830 7 9 0
TAP 171830 1 3 0
HOLD 171830 1 3 172232
TAP 172366 7 9 0
TAP 172500 10 12 0
TAP 172633 7 9 0
TAP 172767 10 12 0
TAP 172901 7 9 0
TAP 173035 1 3 0
HOLD 173035 1 3 173169
TAP 173035 4 6 0
TAP 173169 4 6 0
HOLD 173169 4 6 173303
TAP 173303 7 9 0
HOLD 173303 7 9 173437
TAP 173303 1 3 0
TAP 173437 10 12 0
HOLD 173437 10 12 173839
TAP 173437 4 6 0
TAP 173839 7 9 0
HOLD 173839 7 9 174241
TAP 173839 4 6 0
TAP 174241 4 6 0
HOLD 174241 4 6 174776
TAP 174241 1 3 0
TAP 174508 7 9 0
TAP 174508 10 12 0
TAP 174776 7 9 0
TAP 174776 10 12 0
TAP 175044 4 6 0
HOLD 175044 4 6 175178
TAP 175044 7 9 0
TAP 175178 1 3 0
HOLD 175178 1 3 175312
TAP 175312 4 6 0
HOLD 175312 4 6 175446
TAP 175446 7 9 0
HOLD 175446 7 9 175580
TAP 175446 1 3 0
TAP 175580 4 6 0
TAP 175580 10 12 0
HOLD 175580 10 12 176049
TAP 176049 7 9 0
HOLD 176049 7 9 176316
TAP 176049 4 6 0
TAP 176316 1 3 0
TAP 176316 4 6 0
HOLD 176316 4 6 176852
TAP 176584 10 12 0
TAP 176584 7 9 0
TAP 176852 10 12 0
TAP 176852 7 9 0
TAP 177120 10 12 0
HOLD 177120 10 12 177254
TAP 177120 7 9 0
TAP 177254 7 9 0
HOLD 177254 7 9 177388
TAP 177254 4 6 0
TAP 177388 4 6 0
HOLD 177388 4 6 177522
TAP 177388 1 3 0
TAP 177522 1 3 0
HOLD 177522 1 3 177656
TAP 177522 7 9 0
TAP 177656 4 6 0
HOLD 177656 4 6 178191
TAP 177656 7 9 0
TAP 178191 7 9 0
HOLD 178191 7 9 178459
TAP 178459 4 6 0
TAP 178459 10 12 0
HOLD 178459 10 12 179531
TAP 179531 7 9 0
HOLD 179531 7 9 179799
TAP 179531 4 6 0
TAP 179799 1 3 0
TAP 179799 4 6 0
HOLD 179799 4 6 180334
TAP 180334 7 9 0
TAP 180334 1 3 0
HOLD 180334 1 3 180803
TAP 180803 10 12 0
TAP 180937 7 9 0
TAP 181071 10 12 0
TAP 181205 7 9 0
TAP 181339 1 3 0
HOLD 181339 1 3 181473
TAP 181339 4 6 0
TAP 181473 7 9 0
TAP 181473 4 6 0
HOLD 181473 4 6 181607
TAP 181607 7 9 0
HOLD 181607 7 9 181741
TAP 181741 10 12 0
HOLD 181741 10 12 181875
TAP 181741 4 6 0
TAP 181875 1 3 0
TAP 181875 4 6 0
TAP 181875 7 9 0
HOLD 181875 7 9 182276
TAP 182276 10 12 0
TAP 182276 4 6 0
HOLD 182276 4 6 182678
TAP 182678 7 9 0
TAP 182678 1 3 0
HOLD 182678 1 3 183214
TAP 182678 10 12 0
TAP 182946 4 6 0
TAP 182946 7 9 0
TAP 183214 7 9 0
TAP 183214 4 6 0
TAP 183482 10 12 0
HOLD 183482 10 12 183616
TAP 183482 7 9 0
TAP 183616 4 6 0
TAP 183616 7 9 0
HOLD 183616 7 9 183750
TAP 183750 4 6 0
HOLD 183750 4 6 183883
TAP 183883 7 9 0
TAP 183883 1 3 0
HOLD 183883 1 3 184017
TAP 184017 4 6 0
TAP 184017 10 12 0
HOLD 184017 10 12 184419
TAP 184419 7 9 0
TAP 184419 4 6 0
HOLD 184419 4 6 184821
TAP 184821 10 12 0
TAP 184821 7 9 0
HOLD 184821 7 9 185357
TAP 185089 1 3 0
TAP 185089 4 6 0
TAP 185357 4 6 0
TAP 185357 1 3 0
TAP 185625 7 9 0
HOLD 185625 7 9 185758
TAP 185625 4 6 0
TAP 185758 10 12 0
HOLD 185758 10 12 185892
TAP 185892 4 6 0
TAP 185892 7 9 0
HOLD 185892 7 9 186026
TAP 186026 4 6 0
HOLD 186026 4 6 186160
TAP 186160 1 3 0
HOLD 186160 1 3 186696
TAP 186160 7 9 0
TAP 186696 4 6 0
HOLD 186696 4 6 186964
TAP 186696 7 9 0
TAP 186964 7 9 0
HOLD 186964 7 9 187500
TAP 186964 10 12 0
TAP 187500 10 12 0
HOLD 187500 10 12 188035
TAP 187500 4 6 0
TAP 188035 7 9 0
HOLD 188035 7 9 188303
TAP 188035 1 3 0
TAP 188303 4 6 0
HOLD 188303 4 6 188839
TAP 188303 10 12 0
TAP 188303 1 3 0
TAP 188839 7 9 0
TAP 188839 1 3 0
HOLD 188839 1 3 189241
TAP 189241 7 9 0
TAP 189375 10 12 0
TAP 189508 7 9 0
TAP 189642 10 12 0
TAP 189776 7 9 0
TAP 189910 1 3 0
HOLD 189910 1 3 190044
TAP 189910 4 6 0
TAP 190044 4 6 0
HOLD 190044 4 6 190178
TAP 190044 10 12 0
TAP 190178 7 9 0
HOLD 190178 7 9 190312
TAP 190312 1 3 0
TAP 190312 10 12 0
HOLD 190312 10 12 190714
TAP 190714 4 6 0
TAP 190714 7 9 0
HOLD 190714 7 9 191116
TAP 191116 1 3 0
TAP 191116 4 6 0
HOLD 191116 4 6 191651
TAP 191383 7 9 0
TAP 191383 10 12 0
TAP 191651 10 12 0
TAP 191651 7 9 0
TAP 191919 7 9 0
TAP 191919 10 12 0
TAP 192053 1 3 0
HOLD 192053 1 3 192187
TAP 192053 4 6 0
TAP 192187 4 6 0
HOLD 192187 4 6 192321
TAP 192321 7 9 0
HOLD 192321 7 9 192455
TAP 192321 1 3 0
TAP 192455 10 12 0
HOLD 192455 10 12 192991
TAP 192455 4 6 0
TAP 192991 4 6 0
TAP 192991 7 9 0
HOLD 192991 7 9 193258
TAP 193258 4 6 0
HOLD 193258 4 6 193794
TAP 193258 1 3 0
TAP 193526 10 12 0
TAP 193526 7 9 0
TAP 193794 10 12 0
TAP 193794 7 9 0
TAP 194062 10 12 0
HOLD 194062 10 12 194196
TAP 194062 1 3 0
TAP 194196 7 9 0
HOLD 194196 7 9 194330
TAP 194196 4 6 0
TAP 194330 1 3 0
TAP 194330 4 6 0
HOLD 194330 4 6 194464
TAP 194464 1 3 0
HOLD 194464 1 3 194598
TAP 194464 7 9 0
TAP 194598 4 6 0
HOLD 194598 4 6 195133
TAP 194598 10 12 0
TAP 195133 7 9 0
HOLD 195133 7 9 195401
TAP 195401 4 6 0
TAP 195401 10 12 0
HOLD 195401 10 12 196473
TAP 195401 1 3 0
HOLD 195401 1 3 196473
TAP 196473 7 9 0
HOLD 196473 7 9 196741
TAP 196473 4 6 0
HOLD 196473 4 6 196741
TAP 196741 1 3 0
HOLD 196741 1 3 197276
TAP 196741 10 12 0
HOLD 196741 10 12 197276
TAP 197276 4 6 0
HOLD 197276 4 6 197879
TAP 197276 7 9 0
HOLD 197276 7 9 197879
