TAP 1185 10 12 0
TAP 1380 4 6 0
TAP 1769 1 3 0
HOLD 1769 1 3 2743
TAP 2743 10 12 0
HOLD 2743 10 12 3133
TAP 3133 4 6 0
HOLD 3133 4 6 3522
TAP 3522 7 9 0
HOLD 3522 7 9 4107
TAP 4107 1 3 0
HOLD 4107 1 3 4886
TAP 4886 10 12 0
HOLD 4886 10 12 5860
TAP 5860 4 6 0
HOLD 5860 4 6 6250
TAP 6250 7 9 0
HOLD 6250 7 9 6639
TAP 6639 1 3 0
HOLD 6639 1 3 7224
TAP 7224 10 12 0
HOLD 7224 10 12 7613
TAP 7613 7 9 0
HOLD 7613 7 9 8198
TAP 8198 1 3 0
TAP 8198 10 12 0
TAP 8587 7 9 0
TAP 8782 1 3 0
TAP 8782 4 6 0
TAP 9172 7 9 0
TAP 9367 4 6 0
TAP 9561 1 3 0
TAP 9561 10 12 0
TAP 9951 4 6 0
TAP 10146 10 12 0
TAP 10535 7 9 0
TAP 10828 4 6 0
TAP 11120 7 9 0
TAP 11315 1 3 0
HOLD 11315 1 3 11899
TAP 11899 10 12 0
HOLD 11899 10 12 12483
TAP 12483 7 9 0
TAP 12678 1 3 0
TAP 13068 7 9 0
TAP 13263 4 6 0
TAP 13457 7 9 0
TAP 13652 4 6 0
TAP 14042 1 3 0
TAP 14042 10 12 0
TAP 14237 4 6 0
TAP 14431 7 9 0
TAP 14431 10 12 0
TAP 14821 4 6 0
TAP 15211 10 12 0
TAP 15600 1 3 0
TAP 15990 7 9 0
TAP 16380 4 6 0
TAP 16769 10 12 0
TAP 16964 4 6 0
TAP 17159 1 3 0
TAP 17548 7 9 0
TAP 17938 4 6 0
TAP 18328 10 12 0
TAP 18717 1 3 0
TAP 18912 7 9 0
TAP 19302 4 6 0
TAP 19691 10 12 0
TAP 19886 1 3 0
HOLD 19886 1 3 20276
TAP 20276 7 9 0
TAP 20665 1 3 0
TAP 20665 4 6 0
TAP 21055 10 12 0
TAP 21444 4 6 0
TAP 21834 7 9 0
TAP 22224 1 3 0
TAP 22613 10 12 0
TAP 23003 7 9 0
TAP 23198 4 6 0
TAP 23393 1 3 0
TAP 23782 7 9 0
TAP 23782 10 12 0
TAP 24172 1 3 0
TAP 24172 4 6 0
TAP 24561 10 12 0
TAP 24756 7 9 0
TAP 24951 4 6 0
TAP 25146 1 3 0
TAP 25146 10 12 0
TAP 25535 4 6 0
TAP 25535 10 12 0
TAP 25925 7 9 0
TAP 26120 1 3 0
TAP 26509 4 6 0
TAP 26704 7 9 0
TAP 26899 1 3 0
TAP 26899 4 6 0
TAP 27289 10 12 0
TAP 27678 1 3 0
TAP 28068 7 9 0
TAP 28457 4 6 0
TAP 28847 1 3 0
TAP 29237 10 12 0
TAP 29626 1 3 0
TAP 29821 4 6 0
TAP 30016 7 9 0
TAP 30406 1 3 0
TAP 30795 7 9 0
TAP 31185 4 6 0
TAP 31574 10 12 0
TAP 31964 1 3 0
TAP 32354 7 9 0
TAP 32743 4 6 0
TAP 32938 7 9 0
TAP 33133 1 3 0
TAP 33133 10 12 0
TAP 33522 4 6 0
TAP 33912 7 9 0
TAP 34302 1 3 0
TAP 34691 10 12 0
TAP 35081 4 6 0
TAP 35470 7 9 0
TAP 35860 4 6 0
TAP 36055 7 9 0
TAP 36250 1 3 0
TAP 36250 10 12 0
TAP 36639 4 6 0
TAP 37029 7 9 0
TAP 37418 4 6 0
TAP 37613 7 9 0
TAP 37613 10 12 0
TAP 38003 1 3 0
TAP 38003 10 12 0
TAP 38393 4 6 0
TAP 38587 10 12 0
TAP 38782 1 3 0
TAP 39172 7 9 0
TAP 39367 1 3 0
TAP 39367 4 6 0
TAP 39756 10 12 0
TAP 40146 4 6 0
TAP 40535 7 9 0
TAP 40925 1 3 0
TAP 41315 10 12 0
TAP 41704 4 6 0
TAP 42094 7 9 0
TAP 42483 1 3 0
TAP 42873 10 12 0
TAP 43263 4 6 0
TAP 43652 7 9 0
TAP 44042 1 3 0
TAP 44431 10 12 0
TAP 44821 4 6 0
TAP 45211 1 3 0
TAP 45600 4 6 0
HOLD 45600 4 6 45990
TAP 45600 10 12 0
TAP 45990 7 9 0
HOLD 45990 7 9 46380
TAP 46380 10 12 0
HOLD 46380 10 12 46769
TAP 46769 1 3 0
TAP 46964 4 6 0
TAP 47159 7 9 0
HOLD 47159 7 9 47548
TAP 47159 10 12 0
TAP 47548 4 6 0
HOLD 47548 4 6 47938
TAP 47938 1 3 0
HOLD 47938 1 3 48328
TAP 48328 10 12 0
TAP 48717 1 3 0
TAP 48717 4 6 0
TAP 49107 7 9 0
TAP 49496 4 6 0
TAP 49496 10 12 0
TAP 49691 1 3 0
TAP 50081 7 9 0
TAP 50081 10 12 0
TAP 50470 4 6 0
TAP 50665 10 12 0
HOLD 50665 10 12 51055
TAP 51055 1 3 0
HOLD 51055 1 3 51444
TAP 51444 4 6 0
TAP 51639 10 12 0
TAP 52029 7 9 0
TAP 52224 1 3 0
TAP 52613 4 6 0
TAP 53003 10 12 0
TAP 53393 1 3 0
TAP 53393 4 6 0
TAP 53782 7 9 0
TAP 54172 4 6 0
TAP 54367 7 9 0
TAP 54561 10 12 0
TAP 54951 1 3 0
TAP 54951 4 6 0
TAP 55341 1 3 0
TAP 55341 10 12 0
TAP 55730 7 9 0
TAP 55730 10 12 0
TAP 55925 4 6 0
TAP 56120 1 3 0
TAP 56315 10 12 0
TAP 56704 4 6 0
TAP 56899 4 6 0
TAP 57289 7 9 0
TAP 57483 7 9 0
TAP 57873 1 3 0
HOLD 57873 1 3 58263
TAP 57873 4 6 0
TAP 58263 10 12 0
TAP 58457 4 6 0
TAP 58847 7 9 0
TAP 59237 1 3 0
TAP 59626 4 6 0
HOLD 59626 4 6 60016
TAP 60211 10 12 0
HOLD 60211 10 12 60600
TAP 60600 1 3 0
TAP 60795 1 3 0
TAP 60990 7 9 0
HOLD 60990 7 9 61380
TAP 60990 10 12 0
TAP 61380 4 6 0
TAP 61574 10 12 0
TAP 61964 1 3 0
TAP 62354 7 9 0
TAP 62743 4 6 0
HOLD 62743 4 6 63133
TAP 63328 10 12 0
HOLD 63328 10 12 63717
TAP 63717 1 3 0
TAP 63912 1 3 0
TAP 64302 4 6 0
HOLD 64302 4 6 64691
TAP 64302 7 9 0
TAP 64691 10 12 0
TAP 65081 1 3 0
TAP 65470 4 6 0
TAP 65665 7 9 0
TAP 65665 10 12 0
TAP 66055 4 6 0
TAP 66250 1 3 0
TAP 66639 7 9 0
TAP 67029 4 6 0
TAP 67418 1 3 0
HOLD 67418 1 3 67808
TAP 67418 10 12 0
TAP 67808 7 9 0
HOLD 67808 7 9 68198
TAP 68198 1 3 0
TAP 68198 4 6 0
HOLD 68198 4 6 68587
TAP 68587 10 12 0
HOLD 68587 10 12 68977
TAP 68977 1 3 0
TAP 69172 7 9 0
TAP 69367 4 6 0
TAP 69561 7 9 0
HOLD 69561 7 9 69951
TAP 69951 10 12 0
TAP 70146 4 6 0
TAP 70341 1 3 0
HOLD 70341 1 3 70730
TAP 70341 7 9 0
TAP 70730 10 12 0
TAP 70925 4 6 0
TAP 71315 7 9 0
TAP 71704 1 3 0
TAP 72094 7 9 0
HOLD 72094 7 9 72483
TAP 72678 1 3 0
HOLD 72678 1 3 73068
TAP 73068 10 12 0
TAP 73263 10 12 0
TAP 73457 1 3 0
TAP 73457 4 6 0
HOLD 73457 4 6 73847
TAP 73847 7 9 0
TAP 74042 1 3 0
TAP 74431 10 12 0
TAP 74821 4 6 0
TAP 75211 7 9 0
HOLD 75211 7 9 75600
TAP 75211 10 12 0
TAP 75795 1 3 0
HOLD 75795 1 3 76185
TAP 75795 4 6 0
TAP 76185 10 12 0
TAP 76380 10 12 0
TAP 76769 4 6 0
TAP 76769 7 9 0
HOLD 76769 7 9 77159
TAP 77159 1 3 0
TAP 77354 4 6 0
TAP 77354 10 12 0
TAP 77743 1 3 0
TAP 77938 4 6 0
TAP 78133 7 9 0
HOLD 78133 7 9 78522
TAP 78133 10 12 0
TAP 78522 1 3 0
TAP 78717 4 6 0
TAP 78912 7 9 0
TAP 79107 10 12 0
TAP 79399 4 6 0
TAP 79691 7 9 0
TAP 79886 1 3 0
HOLD 79886 1 3 80470
TAP 80470 7 9 0
HOLD 80470 7 9 81055
TAP 81055 1 3 0
TAP 81250 10 12 0
HOLD 81250 10 12 81639
TAP 81639 4 6 0
TAP 81834 7 9 0
TAP 82029 4 6 0
TAP 82224 7 9 0
TAP 82613 1 3 0
TAP 82808 4 6 0
TAP 83003 7 9 0
TAP 83003 10 12 0
TAP 83393 1 3 0
TAP 83782 10 12 0
TAP 84172 4 6 0
TAP 84561 7 9 0
TAP 84951 1 3 0
TAP 85341 10 12 0
TAP 85535 7 9 0
TAP 85730 4 6 0
TAP 86120 1 3 0
TAP 86120 10 12 0
TAP 86509 1 3 0
TAP 86509 7 9 0
TAP 86899 4 6 0
TAP 87094 7 9 0
TAP 87289 10 12 0
TAP 87483 1 3 0
TAP 87483 4 6 0
TAP 87873 7 9 0
TAP 87873 10 12 0
TAP 88263 4 6 0
TAP 88457 10 12 0
